	D2	D3	D4	D5	D6	A2	A3	A4	A5	A6
AB008196.1	0	0	0	0	0	342	195	189	119	13
AB008197.1	131	73	529	315	37	302	249	291	147	10
AB047209.1	0	16	0	0	0	0	95	0	0	0
AB047240.1	0	0	0	0	14	0	0	0	0	5
AB119282.1	3772	3892	43230	9886	54578	1584	2097	1183	96	9
AB255436.1	0	0	0	0	0	0	0	0	0	0
AB289986.1	0	0	0	0	0	0	0	0	0	8
AB435162.2	0	0	0	0	0	0	0	0	0	0
AB618031.1	0	373	0	0	10927	0	0	0	0	0
AB792683.1	0	0	0	0	0	0	0	0	0	0
AB972431.1	0	13	0	0	0	0	0	0	0	0
AC146851.1	137881	24	93720	7806	89332	0	0	1225	0	0
AF015298.1	0	0	0	0	2026	0	0	0	0	27
AF016316.1	204	222	440	371	25	934	275	347	220	19
AF028231.1	209	212	516	385	28	876	214	334	225	22
AF028232.1	205	240	494	374	23	846	247	340	210	28
AF034975.3	0	0	0	0	0	0	0	0	0	0
AF054250.1	0	0	10	0	0	0	0	0	0	10
AF064539.1	0	0	0	0	0	0	0	0	0	0
AF065756.1	0	0	0	0	0	0	0	44	0	0
AF069308.1	0	0	0	0	0	0	0	0	0	0
AF069529.1	0	0	0	0	0	0	0	0	0	0
AF125376.2	238	0	0	965	0	0	91	69	0	0
AF125520.1	0	0	0	0	0	0	0	0	0	0
AF151091.1	0	0	0	0	0	0	0	0	0	0
AF151674.1	16	0	0	0	0	0	0	0	0	0
AF177208.1	0	0	0	0	0	0	0	0	72	0
AF191073.1	5	335	0	12	0	8	0	39	92	101
AF234172.1	147	31	25	5187	155	7047	107	181	0	24
AF234173.1	129	34	35	4976	166	7016	108	177	0	27
AF247394.1	430	107	1042	1373	90	719	619	745	466	90
AF293961.1	0	0	0	0	0	0	0	0	0	6
AF335538.1	0	0	0	0	0	0	0	0	0	0
AF435966.1	0	0	0	0	0	0	0	8	0	0
AF547987.1	1468	0	0	0	0	0	0	0	0	0
AH002364.2	0	0	0	0	0	0	0	0	7	0
AJ000741.1	0	0	21	0	8	22	21	0	0	0
AJ133817.1	0	0	0	0	0	0	0	5	0	0
AJ289710.2	5	15	6	0	0	0	0	0	0	9
AJ289711.1	0	0	12	0	0	0	0	0	0	0
AJ304858.2	1841	4867	277	0	472	2468	458	2439	8708	127
AJ428955.1	2123	2741	23608	2721	19596	423	1245	402	20	0
AJ556162.1	0	0	0	0	0	0	0	0	0	0
AP000363.1	0	0	0	0	0	0	0	0	0	0
AP000400.1	11	1036	130	0	66	85	5823	0	0	0
AP000422.1	0	0	0	0	0	2266	0	0	0	0
AP004402.1	0	0	0	0	0	0	0	0	0	0
AP005153.1	0	0	0	0	0	0	0	0	0	0
AP005154.1	0	0	0	0	0	0	0	0	0	0
AP012529.1	0	0	0	0	0	0	0	0	0	0
AP012530.1	0	0	0	0	0	0	0	0	0	0
AP012531.1	0	0	0	0	0	0	0	0	0	0
AP012533.1	0	6	0	0	6	0	0	0	0	0
AP012536.1	491	0	146	0	0	0	1140	8	1257	0
AP012538.1	0	0	0	0	0	0	0	0	0	0
AP027152.1	0	6	13	0	16	0	0	5	6	66
AP027202.1	0	0	0	0	0	0	0	0	0	48
AY009092.1	0	0	5	0	0	0	0	0	0	0
AY009877.1	0	0	0	0	0	0	0	0	0	0
AY034063.1	0	0	0	0	7	0	0	0	0	0
AY117145.1	0	0	0	0	0	0	0	0	0	0
AY639599.1	0	0	0	0	0	0	0	0	0	0
BK013632.1	640	117	0	0	0	148	640	196	1205	11
BK014080.1	17	14	0	0	0	104	0	11	0	0
BK014639.1	0	0	0	0	0	0	0	0	0	0
BK014740.1	0	0	9	0	0	0	792	0	18	0
BK014747.1	0	5	0	0	0	0	0	0	0	0
BK015045.1	0	0	0	0	5	372	0	0	0	0
BK015116.1	5	19	0	0	6	9	0	0	0	0
BK015142.1	0	0	0	0	0	0	0	0	0	0
BK015265.1	0	0	0	0	0	0	0	0	0	0
BK015304.1	0	0	0	0	0	0	0	0	0	0
BK015553.1	0	0	0	0	18	0	0	0	0	0
BK015676.1	0	0	0	0	0	0	0	0	0	0
BK015737.1	0	0	0	0	0	0	0	0	0	0
BK016179.1	209	140	8	0	0	74	79	164	140	20
BK016186.1	0	0	0	0	0	13	0	0	0	0
BK016367.1	0	0	0	0	0	0	0	0	0	0
BK016532.1	0	0	0	98	0	0	0	0	0	0
BK016672.1	0	0	0	0	8	0	0	10	0	153
BK016726.1	0	0	0	0	0	0	0	0	0	0
BK016886.1	0	0	0	0	0	0	0	0	0	0
BK016989.1	0	0	0	0	0	0	0	0	0	0
BK017076.1	0	470	0	0	0	0	0	0	0	0
BK017086.1	0	0	0	0	0	0	0	0	0	0
BK017229.1	0	0	0	0	0	0	0	0	0	0
BK017256.1	0	0	0	0	0	0	0	0	0	0
BK017308.1	0	0	0	0	12	0	0	0	0	0
BK017336.1	0	0	192	0	0	0	0	0	0	0
BK017410.1	0	0	0	0	0	0	0	0	0	0
BK017469.1	0	0	0	0	0	0	0	0	0	0
BK017492.1	0	0	49	0	0	0	0	0	0	0
BK017516.1	0	12	0	0	0	0	0	0	7	0
BK017775.1	0	0	5	0	0	0	0	0	0	0
BK017909.1	0	0	0	0	368	0	0	0	0	0
BK017949.1	213	0	68	78	0	21	42	86	0	0
BK017986.1	0	0	0	144519	0	0	0	0	0	0
BK018015.1	0	0	0	0	0	0	0	0	0	0
BK018064.1	0	0	182	49	0	8	77	0	63	0
BK018067.1	0	70630	5	0	139	32773	0	0	10	0
BK018096.1	0	0	0	0	0	0	0	0	0	0
BK018465.1	0	0	0	0	0	13	0	0	0	0
BK018556.1	0	17172	0	0	41	0	0	0	15710	38
BK018581.1	0	0	0	0	0	0	0	0	0	0
BK018765.1	0	0	0	0	0	0	0	0	0	0
BK019035.1	0	0	0	0	0	0	0	0	0	0
BK019214.1	0	0	0	0	0	0	0	0	0	0
BK019320.1	0	0	0	8	0	0	0	0	0	0
BK019347.1	0	0	0	228	0	0	0	0	0	0
BK019350.1	0	0	0	0	0	0	0	0	0	0
BK019935.1	0	0	0	0	0	0	0	0	0	0
BK019941.1	0	0	0	0	0	8	0	0	0	0
BK020014.1	0	0	55	0	0	0	0	0	0	0
BK020042.1	0	0	0	0	0	0	0	0	0	0
BK020079.1	0	0	0	0	0	0	20	0	0	0
BK020125.1	86	8	0	0	0	0	0	0	37	0
BK020231.1	0	0	0	0	14	0	0	0	0	0
BK020368.1	0	0	0	0	0	0	0	0	0	0
BK020505.1	0	0	0	0	0	0	0	0	0	0
BK020518.1	433	5	84	26658	148	1368	17	6	817	181
BK020557.1	0	0	0	0	0	0	0	2657	0	0
BK020589.1	0	0	0	0	0	0	0	0	0	0
BK020656.1	0	0	0	0	0	0	0	0	0	0
BK020724.1	0	0	20	0	0	0	0	0	0	0
BK020813.1	0	0	0	0	0	0	0	0	0	0
BK020987.1	0	0	0	0	0	0	0	0	0	0
BK021105.1	0	0	0	0	0	0	0	0	0	0
BK021172.1	0	9	0	0	0	0	0	0	0	0
BK021329.1	1708	4530	0	0	519	2003	368	2342	882	200
BK021430.1	0	0	0	0	0	0	0	0	39	0
BK021460.1	0	0	0	108	0	0	0	0	0	0
BK021514.1	0	0	0	0	0	3215	0	0	0	0
BK021582.1	0	0	48771	0	0	0	0	0	0	0
BK021599.1	26	0	0	0	0	0	0	170	0	0
BK021648.1	0	0	0	18	0	0	0	0	0	0
BK021709.1	6	0	0	0	0	0	0	0	0	0
BK021735.1	0	0	0	0	0	0	0	0	0	0
BK021797.1	0	0	0	0	0	0	0	0	0	0
BK021831.1	0	0	0	41	0	0	0	0	0	0
BK021887.1	0	0	0	0	0	0	25	0	0	0
BK021981.1	6	0	0	0	0	0	0	0	0	0
BK022026.1	0	0	0	0	0	0	0	0	0	0
BK022029.1	33	0	0	0	6	0	0	5	0	0
BK022073.1	0	0	0	0	0	0	0	0	0	0
BK022098.1	0	0	0	31	0	0	0	0	0	0
BK022108.1	0	0	0	0	300	0	0	0	0	0
BK022217.1	0	0	14	0	0	0	35	0	0	0
BK022235.1	0	0	0	0	0	0	0	0	8	0
BK022236.1	201	0	0	149	0	0	0	63	0	0
BK022729.1	0	0	48	0	0	0	0	0	0	0
BK022913.1	0	0	0	0	0	0	0	0	0	0
BK023087.1	0	0	101	0	0	0	0	0	0	0
BK023445.1	0	0	0	0	0	0	0	0	0	0
BK023562.1	0	0	0	13	0	0	0	0	0	0
BK023639.1	0	74001	5	0	172	33329	0	0	17	0
BK023667.1	0	0	0	0	0	0	0	0	0	0
BK023718.1	0	0	0	0	27	0	0	0	0	0
BK023754.1	15	0	9	0	0	0	343	0	0	0
BK023794.1	0	0	0	0	0	0	0	0	0	0
BK023998.1	57	0	0	0	0	0	0	0	0	0
BK024015.1	0	0	12	0	0	0	0	0	0	0
BK024041.1	0	0	1460	523	0	40	8	1049	0	0
BK024104.1	0	0	0	0	0	0	0	0	0	0
BK024187.1	0	0	0	0	0	0	0	0	0	0
BK024220.1	0	0	0	0	0	0	0	0	0	0
BK024402.1	0	0	0	0	0	0	0	0	0	0
BK024405.1	0	0	0	0	0	0	0	0	0	0
BK024471.1	0	0	0	0	0	0	0	0	0	0
BK024473.1	0	0	0	0	0	0	0	0	0	0
BK024517.1	0	0	0	0	0	0	0	0	0	0
BK024532.1	0	0	0	0	0	0	0	0	0	0
BK024603.1	0	0	0	0	0	0	0	0	0	0
BK024721.1	0	0	0	0	0	0	0	0	0	0
BK024730.1	0	0	0	0	0	0	0	0	0	0
BK024780.1	0	0	0	0	0	0	0	0	0	0
BK024793.1	0	0	0	0	0	0	0	0	17	0
BK024975.1	0	0	0	0	0	6	0	0	0	0
BK025057.1	0	0	0	0	0	0	0	0	0	0
BK025075.1	0	0	0	0	0	0	0	0	0	107
BK025097.1	0	0	0	0	0	0	0	0	0	0
BK025114.1	0	0	0	0	0	0	0	0	0	84
BK025241.1	0	0	0	0	0	0	0	0	0	0
BK025245.1	0	0	0	101	0	0	0	0	0	0
BK025294.1	0	0	0	0	0	0	0	0	0	0
BK025314.1	0	0	0	0	8	0	0	0	0	0
BK025387.1	0	0	7	0	0	0	0	5	0	0
BK025390.1	1662	4703	0	0	536	1993	382	2399	889	109
BK025398.1	5	0	0	0	0	0	0	0	0	0
BK025521.1	20	0	0	8	0	6	11	0	0	0
BK025589.1	0	0	0	92	1099	0	0	0	0	0
BK025646.1	0	0	0	0	0	0	0	0	0	0
BK025711.1	0	0	0	0	0	0	15	0	0	0
BK025756.1	0	0	0	240	0	0	0	0	0	0
BK025790.1	0	58764	0	0	428	33173	0	0	27	0
BK025854.1	0	0	0	0	0	0	0	0	0	0
BK026037.1	0	0	0	0	0	5	0	0	0	0
BK026099.1	0	0	0	0	0	0	0	0	0	0
BK026155.1	0	0	0	0	0	342	0	0	0	0
BK026174.1	0	0	0	0	0	0	0	0	0	0
BK026183.1	0	0	14	0	0	0	0	0	0	0
BK026264.1	21	0	0	0	0	0	0	0	0	0
BK026330.1	0	0	0	0	0	0	0	0	0	0
BK026333.1	0	0	0	0	0	0	14	28	0	0
BK026339.1	0	0	0	0	0	77	0	0	0	0
BK026389.1	1823	4553	0	0	524	2059	416	2461	884	94
BK026402.1	41	100	7	0	0	6	27	0	11	0
BK026468.1	0	0	0	0	7	0	0	0	0	0
BK026754.1	6	0	8	0	63	0	0	0	0	0
BK026758.1	0	0	0	0	398	0	0	0	0	0
BK026779.1	0	0	0	0	0	0	0	0	0	0
BK027115.1	0	0	0	0	0	0	0	0	0	0
BK027129.1	40	0	164	9	0	9	149	0	821	0
BK027170.1	0	0	0	5289	0	0	0	0	0	0
BK027183.1	0	0	252	0	0	11	28	17	5	0
BK027300.1	34	0	0	0	0	0	0	0	0	0
BK027335.1	0	0	0	0	0	0	0	0	0	0
BK027566.1	0	0	0	0	0	0	0	0	0	0
BK027712.1	0	0	0	52	0	0	0	0	0	0
BK027834.1	0	0	5	0	0	0	0	10	0	0
BK027911.1	0	0	0	0	0	5	0	0	0	0
BK027926.1	0	0	0	0	0	0	0	0	19	0
BK027994.1	0	0	0	0	0	0	0	0	0	0
BK028029.1	0	0	0	0	0	0	0	0	25	0
BK028150.1	0	0	0	10	0	0	0	0	0	0
BK028189.1	0	0	0	0	0	48	0	0	0	0
BK028253.1	0	0	0	0	0	0	0	0	0	0
BK028311.1	0	0	0	0	0	0	13	0	0	0
BK028506.1	0	0	286	0	0	0	0	0	0	0
BK028605.1	0	47	0	0	21	0	0	0	0	0
BK028739.1	0	0	0	0	0	0	0	0	0	0
BK028787.1	0	0	0	14	0	29	0	0	0	0
BK028944.1	0	0	0	0	0	0	0	0	0	0
BK028990.1	0	33	653	0	0	0	31	0	0	0
BK029042.1	0	0	0	0	0	0	0	0	0	0
BK029089.1	8	0	0	0	0	0	0	0	0	0
BK029152.1	0	0	0	0	0	0	0	0	0	0
BK029168.1	0	0	0	421	0	0	0	0	0	0
BK029254.1	0	0	0	0	0	0	0	0	0	0
BK029298.1	0	0	0	0	0	0	0	0	0	0
BK029338.1	0	388	0	0	0	0	0	0	0	0
BK029440.1	0	0	8	0	0	0	0	0	0	0
BK029458.1	1476	0	0	0	0	396	0	0	0	0
BK029773.1	0	0	7	0	89863	0	31	13192	0	0
BK029867.1	25	0	0	0	5	0	0	8	0	0
BK029904.1	0	0	0	394	0	0	0	57	0	0
BK030130.1	0	0	0	0	0	0	0	0	0	0
BK030387.1	0	0	0	0	0	0	0	0	0	0
BK030782.1	0	0	0	0	12	0	0	0	0	0
BK031144.1	0	0	0	0	151	0	0	0	0	0
BK031293.1	0	12	248	0	0	0	958	1746	0	211
BK031399.1	0	0	0	0	0	0	0	0	0	0
BK031463.1	0	0	0	0	0	0	0	0	0	0
BK031522.1	0	0	3365	0	0	0	0	0	0	0
BK031587.1	0	0	0	0	0	0	0	0	0	0
BK031605.1	0	0	7930	0	0	0	0	6	0	0
BK031625.1	0	0	0	110	0	0	0	0	0	0
BK031652.1	93	0	0	60560	0	0	0	0	17	0
BK031726.1	0	0	0	0	0	0	27	0	0	0
BK031773.1	0	0	0	0	15	0	0	0	0	0
BK031863.1	0	0	0	43	0	0	0	0	0	0
BK032042.1	0	0	0	0	0	7	1728	0	0	67
BK032132.1	0	0	193	0	0	0	0	0	0	0
BK032250.1	0	0	0	0	0	0	0	0	0	0
BK032296.1	0	0	0	0	0	0	7	0	0	0
BK032564.1	0	0	0	0	0	0	61	0	150	0
BK032667.1	0	0	0	0	0	0	0	0	0	0
BK032755.1	0	0	0	0	0	40	0	0	0	68
BK033033.1	0	0	0	385	8	0	0	56	0	9
BK033034.1	0	0	0	0	0	0	0	13	0	0
BK033580.1	0	0	0	0	0	0	0	0	0	0
BK033789.1	0	0	0	0	0	0	0	0	0	0
BK033863.1	0	0	12	0	0	0	0	0	0	0
BK034056.1	0	0	0	0	0	0	0	0	34	0
BK034191.1	0	0	0	0	0	5	0	0	0	0
BK034715.1	0	0	0	0	0	0	0	0	0	0
BK035541.1	0	0	0	0	0	0	0	9	0	0
BK035907.1	0	0	46	0	0	0	0	0	0	0
BK036145.1	754	0	0	0	0	0	0	0	0	0
BK036146.1	0	0	0	0	0	0	0	0	0	0
BK036162.1	13	0	0	0	0	0	0	0	0	0
BK036287.1	8	0	0	0	0	0	0	0	0	0
BK036482.1	31	0	0	0	0	0	0	0	0	0
BK036505.1	0	0	0	20	0	0	0	0	0	0
BK036642.1	0	0	3185	0	0	0	0	0	0	0
BK037011.1	0	0	0	0	0	0	0	0	0	0
BK037455.1	0	0	0	0	0	0	0	0	0	0
BK037760.1	0	0	0	0	0	0	0	0	0	0
BK037771.1	0	0	0	0	0	0	0	0	0	0
BK037856.1	1743	4646	0	0	528	2034	378	2454	788	110
BK037915.1	0	0	0	0	0	0	0	0	0	0
BK037930.1	0	11	0	0	0	0	0	0	0	0
BK038108.1	159	98	0	0	0	0	0	0	0	0
BK038384.1	0	0	0	0	0	0	0	0	0	0
BK039038.1	0	0	9	0	0	0	0	0	0	0
BK039525.1	0	0	0	0	0	0	0	0	0	8309
BK040021.1	6	0	0	0	0	0	0	0	0	0
BK040156.1	7	0	0	0	0	0	0	0	0	0
BK040588.1	6	0	0	0	0	0	0	0	0	0
BK040751.1	0	0	0	0	0	0	0	0	0	0
BK040872.1	0	0	0	0	0	0	0	0	0	0
BK040948.1	9	0	0	0	0	0	0	0	0	0
BK041221.1	0	0	0	395	0	0	0	0	0	0
BK041463.1	0	21	0	0	0	0	0	0	0	0
BK041760.1	0	0	0	0	0	0	0	0	0	0
BK041808.1	0	17	0	0	0	0	0	0	0	0
BK041838.1	0	0	0	0	0	0	0	0	0	0
BK042102.1	0	0	0	0	0	0	0	0	0	0
BK042612.1	0	0	0	0	0	0	0	0	0	0
BK042645.1	0	15813	0	0	0	0	0	0	0	0
BK042657.1	0	0	826	0	0	0	0	0	0	0
BK043047.1	0	0	0	0	0	0	0	0	0	0
BK043158.1	0	0	0	0	5	0	0	0	0	0
BK043178.1	0	0	0	0	0	0	0	0	0	0
BK043524.1	0	0	0	0	0	0	0	0	0	0
BK043527.1	0	0	0	0	0	0	0	0	0	0
BK043568.1	80	0	0	0	10	0	0	0	0	0
BK043977.1	0	0	0	0	0	0	0	0	0	0
BK044152.1	8	30	657	0	0	640415	0	0	0	0
BK044318.1	0	0	0	0	0	0	19	0	0	0
BK044717.1	0	0	0	0	0	0	0	0	0	0
BK044748.1	39	21	9	0	17	14	0	174	9	0
BK044771.1	0	0	0	30	0	0	0	0	0	0
BK044923.1	0	0	0	0	58	0	0	0	0	0
BK045003.1	0	0	0	358	0	0	0	41	0	0
BK045049.1	0	0	0	82	0	0	0	0	0	0
BK045371.1	0	0	0	0	0	0	0	0	0	0
BK045380.1	0	0	0	0	0	0	0	0	0	0
BK045405.1	0	0	0	0	0	0	0	0	0	0
BK045874.1	0	0	0	0	0	0	0	0	0	0
BK045965.1	0	0	0	0	0	0	0	0	0	0
BK046016.1	0	0	0	0	0	0	0	0	7	0
BK046911.1	1725	4600	0	0	544	2006	376	2347	836	103
BK046965.1	0	0	0	0	0	0	0	0	0	0
BK047054.1	0	0	7	0	0	0	0	0	0	0
BK047070.1	13	0	0	0	0	0	0	0	0	0
BK047116.1	0	0	0	0	0	0	0	0	0	0
BK047154.1	0	0	0	1740	0	0	0	0	0	0
BK047194.1	0	0	0	0	0	0	0	0	0	0
BK047212.1	0	0	0	0	0	0	0	0	0	0
BK047448.1	0	0	11	0	0	0	0	0	0	0
BK047840.1	0	0	0	0	0	0	0	0	0	0
BK047871.1	0	0	0	6	0	0	0	0	0	0
BK048043.1	0	0	116	100	0	0	66	5	0	18
BK048145.1	0	0	0	0	0	0	0	0	0	0
BK048316.1	0	0	0	0	0	0	0	0	0	0
BK048363.1	0	0	0	0	80	0	0	0	0	0
BK048592.1	0	0	0	0	0	0	0	0	0	0
BK049363.1	0	0	0	0	0	0	0	0	0	8
BK049446.1	6	0	0	0	0	0	0	0	0	0
BK049457.1	0	0	0	0	0	0	0	0	0	0
BK049477.1	0	0	0	0	0	0	0	0	0	0
BK049496.1	0	0	0	0	0	0	0	0	0	0
BK049729.1	0	0	0	0	0	0	0	0	0	0
BK049774.1	0	0	0	0	0	0	0	0	0	0
BK049783.1	0	0	0	0	0	0	0	0	0	0
BK049837.1	0	0	0	0	0	0	0	83033	0	0
BK049971.1	0	0	0	0	0	0	0	0	0	0
BK050235.1	0	0	0	0	0	0	0	0	0	0
BK050251.1	0	0	0	0	0	0	0	0	0	0
BK050253.1	0	0	0	149	0	0	0	0	0	0
BK050281.1	0	0	0	0	0	0	11	0	0	0
BK050296.1	80	0	0	0	45	0	69	0	0	0
BK050316.1	0	0	0	0	0	0	0	799	0	0
BK050467.1	0	0	0	33667	0	0	0	0	0	0
BK050536.1	0	0	845	0	0	0	0	0	0	0
BK050544.1	1831	4568	0	0	557	2046	399	2343	850	118
BK050580.1	0	0	0	0	168	0	0	0	0	0
BK050661.1	0	0	0	0	0	9	0	0	0	0
BK050731.1	0	0	0	0	0	0	0	0	0	0
BK050734.1	6	0	0	0	37296	0	0	0	0	0
BK050917.1	0	0	0	0	0	0	0	0	0	0
BK050925.1	0	0	0	0	0	0	0	0	0	0
BK051027.1	0	0	0	0	0	0	0	0	0	208
BK051036.1	0	13	0	0	0	0	0	0	0	0
BK051128.1	0	0	0	0	0	0	0	0	0	0
BK051257.1	0	0	0	40	0	0	0	112	0	0
BK051489.1	0	0	0	0	0	0	5	0	0	0
BK051496.1	0	0	8	0	0	0	0	0	0	0
BK051661.1	84	52	63	22	169176	29	28	12	67	0
BK052058.1	32294	0	0	100	0	62536	28	31	51866	0
BK052252.1	0	0	0	0	0	0	0	0	0	0
BK052422.1	0	0	0	0	53	0	0	0	13	0
BK052441.1	0	30	0	0	9	0	0	102	11	0
BK052452.1	20117	1572	182125	54152	8191	42150	19997	790	30599	448
BK052502.1	0	0	0	0	0	0	0	0	0	0
BK052769.1	0	0	0	10	0	0	0	0	0	0
BK052829.1	0	0	5	0	0	0	0	0	0	0
BK052872.1	0	0	0	0	0	0	0	0	0	0
BK053179.1	0	0	0	0	1360	0	0	0	0	0
BK053193.1	0	0	0	3327	0	0	0	0	0	0
BK053237.1	0	0	0	0	0	0	0	0	0	0
BK053301.1	0	0	0	0	0	0	0	0	0	0
BK053362.1	0	0	62	0	0	0	0	0	0	0
BK053450.1	0	0	0	91	0	0	0	0	0	0
BK053500.1	0	0	0	0	0	760	0	0	16	0
BK053505.1	0	0	0	0	0	0	0	0	0	0
BK053561.1	5	0	0	0	0	0	0	0	0	0
BK053576.1	0	0	1811	0	0	0	0	0	0	0
BK053628.1	0	0	0	0	0	0	0	0	0	0
BK053742.1	0	0	0	0	0	0	0	0	0	0
BK053916.1	0	0	42	0	0	0	0	4133	0	0
BK054160.1	0	0	0	0	0	0	0	0	0	0
BK054196.1	0	0	0	0	0	0	0	0	0	0
BK054232.1	0	0	12	0	0	0	0	0	0	0
BK054346.1	82	0	0	0	0	0	0	0	0	0
BK054426.1	0	0	0	0	0	0	0	0	0	0
BK054716.1	0	0	0	0	0	0	0	0	0	0
BK054786.1	0	0	0	0	0	330	0	0	0	0
BK054872.1	0	0	0	9	0	0	0	0	0	0
BK054890.1	391	0	0	0	26	0	0	0	0	0
BK054928.1	0	0	0	0	9	0	0	0	0	0
BK055027.1	0	0	0	0	0	0	38	0	0	0
BK055124.1	0	0	0	0	0	0	0	0	0	0
BK055190.1	0	0	0	0	0	0	0	485	0	0
BK055234.1	0	0	0	0	9	0	0	0	0	0
BK055455.1	0	0	0	0	0	0	0	0	0	9499
BK055496.1	0	0	195	0	0	0	64	0	0	0
BK055624.1	0	0	0	0	0	0	0	0	0	0
BK055695.1	0	0	0	0	0	0	0	0	0	0
BK055901.1	0	0	0	0	0	0	0	0	0	0
BK055971.1	0	0	0	0	0	0	0	0	0	0
BK056092.1	5	0	0	0	0	0	0	0	0	0
BK056168.1	0	0	0	0	0	0	0	6	0	0
BK056172.1	0	0	0	0	0	0	0	0	0	0
BK056221.1	0	0	0	0	0	0	0	0	0	0
BK056588.1	10	0	0	0	0	0	0	0	0	0
BK056602.1	0	0	0	0	0	0	0	0	0	0
BK056639.1	0	0	0	0	0	0	0	9	0	0
BK057057.1	8270	0	0	104	0	0	0	0	0	0
BK057089.1	0	0	0	0	0	0	0	0	0	0
BK057437.1	0	0	0	0	0	0	0	0	0	0
BK057581.1	0	0	0	0	0	0	0	0	0	0
BK057582.1	0	0	0	0	0	0	0	0	0	0
BK057588.1	0	52	11	0	22	0	0	0	0	0
BK057606.1	0	0	6	0	0	0	0	0	0	0
BK057622.1	0	0	37	0	0	0	0	0	0	0
BK057631.1	0	0	0	0	0	0	0	0	0	0
BK057731.1	0	0	13	0	0	0	1809	0	0	0
BK057767.1	340	0	0	0	0	32	0	0	0	0
BK057885.1	0	8	0	0	0	0	0	0	0	0
BK057893.1	0	0	5	0	0	0	0	18	0	0
BK057928.1	0	0	1314	0	0	0	0	1646	0	0
BK057984.1	0	0	0	0	0	25	0	0	0	0
BK058302.1	0	0	0	0	0	66	0	0	0	0
BK058342.1	0	0	0	0	0	0	0	0	0	0
BK058442.1	0	0	11	0	0	0	0	0	0	0
BK058443.1	0	0	0	6	0	0	0	0	0	0
BK058532.1	0	0	0	0	0	0	0	0	0	0
BK058593.1	0	0	0	0	0	0	0	0	0	0
BK058607.1	34	0	0	0	8	0	0	6	0	0
BK058626.1	0	0	0	0	0	0	0	0	0	0
BK058893.1	0	0	7	0	0	0	0	0	0	0
CP000711.1	0	0	0	0	0	0	0	0	0	0
CP025712.1	26	25	8	0	0	0	0	15	5	0
CP025887.1	0	130	0	53	3604	9805	116	5	0	0
CP025907.1	10	0	0	0	207576	0	0	0	0	0
CP054387.1	0	0	0	0	0	0	0	0	0	0
CP058330.1	0	0	0	0	0	313	0	0	0	0
CP101890.1	0	0	0	0	0	80	0	0	0	0
CP101896.1	0	0	0	0	0	88	0	0	0	0
D67096.1	0	0	0	0	0	0	0	0	0	0
DQ011153.1	0	10	0	0	7	0	0	0	0	0
DQ011157.1	0	16	0	0	6	0	0	0	0	0
DQ127777.1	0	0	71	0	0	0	0	0	0	0
DQ127791.1	0	18	0	0	0	0	0	0	0	0
DQ250030.1	0	0	0	0	0	0	0	8	0	0
DQ250037.1	0	0	0	0	0	0	0	23	0	0
DQ372053.1	0	53	0	0	23	0	0	0	0	0
DQ372054.1	0	6	0	0	0	0	0	0	0	0
DQ372055.1	0	21	0	0	10	0	0	0	0	0
DQ372056.1	6	63	11	0	36	0	0	0	0	0
DQ372057.1	0	61	5	0	17	0	0	0	0	0
DQ372058.1	0	64	5	0	19	0	0	0	0	0
DQ372059.1	8	72	0	0	15	0	0	0	0	0
DQ372060.1	5	56	0	0	26	0	0	0	0	0
EF120456.1	0	21	0	0	6	0	0	0	0	0
EF636842.1	0	0	0	0	0	0	0	0	0	0
EF710639.1	0	0	0	0	0	0	0	0	0	0
EF710640.1	0	0	0	0	0	0	0	0	0	14
EF710641.1	0	0	0	0	0	0	0	0	0	0
EU001260.1	0	0	0	0	0	0	0	0	0	9
EU151450.1	0	0	317	0	0	0	0	0	0	0
EU311208.1	0	0	0	0	0	0	0	0	0	0
EU523109.1	0	0	0	0	0	0	0	8	0	0
FJ184280.1	0	0	5	0	0	0	5827	0	0	0
FJ188381.1	0	0	0	0	0	0	0	0	0	0
FJ357770.1	0	0	0	0	0	0	0	16	0	0
FJ593289.1	57	8193	147	248	21155	9534	6683	30	150	6
GQ121041.1	17	8069	152	60	15857	9642	6567	22	104	8
GU117633.1	0	0	0	0	0	0	0	0	0	0
GU179001.1	58	8273	129	275	15953	9456	6776	30	130	0
GU385360.1	0	10	0	0	0	0	0	0	0	0
GU934326.1	1160	1374	12732	1317	4176	109	817	581	16	0
GU980198.1	0	0	0	0	0	0	0	0	0	0
HE795107.1	0	0	0	0	0	0	0	0	0	0
HE984565.1	0	0	0	0	0	7	0	0	0	6
HM173637.1	0	0	0	0	0	0	0	0	0	0
HM208303.1	23	99	80	49	6991	7454	6416	29	97	5
HQ540593.1	0	0	0	0	0	0	0	10	0	0
J01735.1	12	30	5	4042	192	6911	49	151	0	22
J02459.1	6879	145	82	632	49	49	53	319	239	512
J02460.1	0	50	0	0	28	0	0	0	0	0
J02580.1	0	0	0	0	0	0	0	13356	0	0
JF900176.1	0	0	0	0	0	0	0	0	0	0
JF974339.1	11	0	0	0	0	0	0	0	0	0
JN420338.1	0	6	0	9	5	0	0	5	0	0
JN420342.2	19	0	5	0	9	26	6	6	6	0
JN564006.1	0	0	0	0	0	0	0	0	0	0
JN600960.1	6	0	0	0	0	0	0	0	0	0
JQ011316.1	0	0	0	0	0	0	0	0	0	0
JQ036301.1	0	0	0	0	0	0	0	0	0	0
JQ036303.1	0	0	0	0	0	0	0	0	0	0
JQ036305.1	0	0	0	0	0	0	0	0	0	0
JQ036307.1	0	0	0	0	0	0	0	0	0	0
JQ086369.1	23	0	0	0	0	0	0	0	0	0
JQ086370.1	0	0	0	0	0	0	0	0	0	0
JQ086372.1	0	0	0	0	0	0	0	0	0	0
JQ086373.1	0	0	0	0	0	0	0	0	0	0
JQ086374.1	0	0	0	0	0	0	0	0	0	0
JQ086376.1	6865	93	87	673	21	37	0	383	235	564
JQ086377.1	0	0	0	0	0	0	0	0	0	0
JQ182726.1	0	0	0	0	0	0	0	0	0	0
JQ182727.1	0	0	0	0	0	0	0	0	0	0
JQ182731.1	0	0	0	0	0	0	0	0	0	0
JQ182732.1	17	0	0	0	0	0	0	0	0	0
JQ182733.1	0	0	0	0	0	0	0	0	0	0
JQ182735.1	7014	115	84	0	13	43	0	350	220	553
JQ795930.1	24	8069	136	60	16137	9458	6584	23	84	7
JQ807232.1	0	0	0	0	0	0	0	0	0	0
JX181825.1	0	0	0	0	0	0	0	0	0	0
JX570707.1	23	0	0	0	0	0	0	0	0	0
JX570708.1	20	0	0	0	0	0	0	0	0	0
JX570711.1	0	0	0	0	0	0	0	0	0	0
JX904130.1	0	0	0	0	0	0	0	0	0	8
K01643.1	0	0	0	0	0	0	0	0	0	0
K02606.1	0	23	0	0	0	0	0	0	0	0
KC465951.1	0	0	0	0	0	0	0	0	0	21
KC503852.1	0	24	0	7	5	0	7	0	129	52
KC595279.1	0	1807	0	0	0	0	0	0	0	0
KC813495.1	0	0	0	0	12	0	0	0	0	5
KC981239.1	0	0	0	0	0	0	0	0	7	0
KF022001.1	0	8199	0	0	5	0	0	0	30	0
KF030445.1	51	113	113	59	15915	9550	6554	16	69	7
KF241843.1	0	0	0	0	0	0	0	0	0	0
KF436796.1	0	0	0	0	0	0	0	0	0	37
KF436798.1	0	0	0	0	0	0	0	0	0	20
KF436799.1	0	0	0	0	0	0	0	0	0	5
KF436800.1	0	7	0	0	0	0	0	0	0	5
KF436801.1	0	10	0	0	0	0	0	0	0	0
KF436802.1	0	0	0	0	0	0	0	0	0	7
KF436803.1	0	0	0	0	0	0	0	0	0	31
KF493876.1	18	8240	125	51	16057	9535	6543	18	85	0
KF493877.1	28	8175	150	49	16022	9547	6559	13	96	0
KF512820.1	0	0	0	0	0	0	0	0	0	0
KF664573.1	0	0	0	29	4102	0	0	5	0	162
KF664575.1	0	0	0	29	4298	0	0	0	0	127
KF664576.1	0	0	0	26	4189	0	0	0	0	153
KF664577.1	0	0	0	23	4250	0	0	0	0	152
KF664578.1	0	0	0	26	4403	0	0	10	0	141
KF664579.1	0	0	0	31	4252	0	0	5	0	159
KF664581.1	0	0	0	26	4246	0	0	6	0	145
KJ000058.2	0	0	0	0	0	0	0	0	0	0
KJ123690.1	0	0	0	0	0	0	0	0	0	22
KJ540270.1	0	0	0	21	4163	0	0	5	0	120
KJ540271.1	0	0	0	24	4235	0	0	0	0	136
KJ540272.1	0	0	0	34	4284	0	0	8	0	139
KJ578761.1	0	0	0	0	0	0	0	0	0	0
KJ578772.1	10	0	0	0	0	0	0	0	0	0
KJ578776.1	0	0	0	0	0	0	0	0	0	0
KJ578787.1	12	0	0	0	0	0	0	0	0	0
KJ832078.1	12	0	0	0	0	0	0	0	0	0
KJ909655.1	0	0	0	0	0	0	0	0	0	0
KM209255.1	5512	3498	90	622	55	5656	5692	2406	10755	1150
KM209277.1	223	259	13	0	0	198	116	405	212	58
KM209288.1	82	27	5	0	0	19	189	83	196	6
KM209313.1	1806	2488	74	268	37	501	851	882	5509	386
KM209318.1	1687	567	6	6	44	4502	2171	1116	3891	576
KM269482.1	0	0	5	0	0	6	0	0	0	0
KM823530.1	5	0	0	0	0	0	0	0	0	0
KP257584.1	0	0	0	0	0	0	0	0	0	11
KP413800.1	0	0	0	0	0	0	0	0	0	0
KP682372.1	0	0	0	0	0	0	0	0	0	0
KP682373.1	0	0	0	0	0	0	0	0	0	0
KP682375.1	0	0	0	0	0	0	0	0	0	0
KP682376.1	0	0	0	0	0	0	0	0	0	0
KP682377.1	0	0	0	0	0	0	0	0	0	0
KP682379.1	0	0	0	0	0	0	0	0	0	0
KP682380.1	0	0	0	0	0	0	0	0	0	0
KP682382.1	0	0	0	0	0	0	0	0	0	0
KP682384.1	0	0	0	0	0	0	0	0	0	0
KP682386.1	0	0	0	0	0	0	0	0	0	0
KP682387.1	0	0	0	0	0	0	0	0	0	0
KP682390.1	0	0	0	0	0	0	0	0	0	0
KP682392.1	0	0	0	0	0	0	0	0	0	0
KP690312.1	0	0	60	115	17093	0	0	0	0	0
KP690326.1	0	0	0	202	0	0	9	0	0	0
KP690430.1	5062	0	9	7	13	0	5	0	0	0
KP690575.1	0	0	0	0	0	0	6	0	0	0
KP892662.1	0	0	0	0	0	0	8	0	8	0
KR011275.1	0	0	0	5	0	0	0	0	0	0
KR011278.1	17	8	17	9	24	21	9	11	10	10
KR011279.1	8	9	16	16	13	13	0	13	12	12
KR011280.1	0	0	0	7	0	0	0	0	0	0
KR011281.1	0	6	6	19	6	0	0	5	9	6
KR011282.1	13	0	13	13	6	14	11	11	6	0
KR011283.1	6	10	0	0	28	8	0	0	7	7
KR011285.1	0	0	0	6	5	5	0	0	5	0
KR011286.1	0	0	0	0	0	0	0	0	0	0
KR011289.1	0	0	0	0	5	10	0	0	0	0
KR011293.1	0	6	0	0	0	0	0	5	0	0
KR011294.1	0	0	0	5	0	0	0	0	0	0
KR011295.1	0	0	0	0	0	0	0	0	0	0
KR011296.1	7	15	8	8	37	10	15	8	6	8
KR011297.1	6	9	14	80	27	37	0	0	10	58
KR011298.1	16	5	11	24	12	10	5	12	12	11
KR011300.1	0	0	6	16	0	5	0	0	7	0
KR011303.1	0	9	0	0	0	0	0	0	0	0
KR011305.1	0	5	0	20	7	0	5	0	0	0
KR011307.1	15	8	19	21	30	25	11	11	13	19
KR011308.1	0	0	0	10	0	7	0	9	0	7
KR011310.1	7	9	13	21	32	13	9	10	10	13
KR011312.1	8	10	13	32	21	7	10	21	8	11
KR052507.1	0	0	0	0	8	0	0	0	0	0
KR052508.1	11	18	16	9	54	30	17	33	12	9
KR073661.1	0	0	0	0	0	0	0	0	0	0
KT254133.1	0	0	0	0	0	0	18	0	0	0
KT630648.2	76	0	0	18	0	0	0	0	0	10
KT833851.1	19	8248	117	50	16159	9715	6498	17	109	6
KT833852.1	10	8203	90	38	15822	9490	4643	13	66	5
KT982027.1	0	0	0	0	0	0	0	7	0	0
KT982042.1	0	0	0	0	0	0	0	9	0	0
KT982045.1	0	0	0	0	0	0	0	6	0	0
KT982051.1	0	0	0	0	0	0	0	10	0	0
KT982052.1	0	0	0	0	0	0	0	6	0	0
KU052038.1	0	0	0	0	0	0	0	0	54	0
KU198480.2	0	0	0	7	6	0	0	7	0	0
KU238068.1	20	110	96	34	8345	7874	4175	16	65	0
KU238069.1	21	90	93	35	8471	7847	4197	7	64	0
KU697902.1	12	75	93	24	15520	9478	4458	15	78	10
KU697903.1	13	69	91	33	16052	9336	4410	21	66	0
KU746283.1	0	0	0	0	0	0	0	19	0	20
KU878967.1	0	0	0	0	0	0	0	0	0	0
KU927491.1	0	0	0	0	0	0	0	0	0	0
KU927492.1	0	0	0	0	0	0	0	0	0	0
KU927494.1	0	0	0	0	0	0	0	0	0	0
KU927495.1	0	0	0	0	0	0	0	0	0	0
KU927496.1	0	0	0	0	0	0	0	0	0	0
KU927498.1	0	0	0	0	0	0	0	0	0	0
KX125050.1	0	0	0	0	0	0	0	0	0	0
KX165321.1	2749	2212	37462	12438	17378	1735	2409	721	188	5
KX265024.1	0	0	6	0	0	0	0	0	0	6
KX265025.1	0	0	0	0	0	58	0	0	0	0
KX265026.1	7	0	0	0	5	0	0	0	0	0
KX265029.1	0	0	0	0	0	10	0	0	0	0
KX265031.1	0	0	0	0	8	9	0	9	0	0
KX265035.1	8	0	0	0	0	6	8	13	0	0
KX265036.1	18	20	11	6	16	26	16	22	19	12
KX265037.1	0	0	6	0	10	0	5	15	0	8
KX265039.1	8	10	5	0	14	21	10	16	11	0
KX265046.1	7	8	7	9	0	14	5	0	7	15
KX833211.1	0	0	0	0	0	0	0	0	0	0
KX905134.1	3694	11927	43880	9899	70890	11137	8606	1086	188	16
KY052811.1	0	0	0	22	0	0	0	0	0	0
KY052857.1	0	0	0	0	0	0	28	569	0	0
KY094066.1	0	0	9	20	0	0	0	0	0	0
KY348373.1	2801	229862	17146	70696	740538	53931	8427	98	1595	39061
KY423284.1	22	8299	136	45	16196	9599	6478	18	97	7
KY550224.1	0	0	0	0	0	0	0	0	0	0
KY653118.1	0	0	0	25	0	0	0	0	0	0
KY709687.1	0	0	0	0	0	0	0	0	0	0
KY766069.1	0	0	0	0	0	0	0	10	0	0
KY926792.1	0	0	0	0	0	0	0	0	21	0
L00023.1	5	0	0	0	0	0	0	0	0	0
L06609.1	15	11	7	6	0	104	0	82	10	0
LC193725.1	3868	3908	43659	9802	54349	2142	2219	1163	98	0
LC487996.1	0	0	0	0	0	0	0	0	0	0
LC487997.1	0	0	0	0	0	0	0	0	0	0
LC500882.1	0	0	20	0	0	0	0	0	0	7
LC517378.1	0	0	0	0	0	0	0	0	0	0
LC517385.1	0	0	0	0	0	0	0	0	0	0
LC567828.1	0	0	0	0	0	0	0	0	0	0
LC576631.1	0	0	0	0	0	0	0	0	0	12
LC603693.1	0	0	0	93	0	0	0	0	0	0
LC616031.1	0	0	0	0	0	0	0	0	0	0
LC616032.1	0	0	0	0	0	0	0	0	0	0
LC616033.1	0	0	0	0	0	0	0	0	0	0
LC616034.1	0	0	0	0	0	0	0	0	0	0
LC616035.1	0	0	0	0	0	0	0	0	0	0
LC616036.1	0	0	0	0	0	0	0	0	0	0
LC616037.1	0	0	0	0	0	0	0	0	0	0
LC616038.1	0	0	0	0	0	0	0	0	0	0
LC616039.1	0	0	0	0	0	0	0	0	0	0
LC616040.1	0	0	0	0	0	0	0	0	0	0
LC616041.1	0	0	0	0	0	0	0	0	0	0
LC616042.1	0	0	0	0	0	0	0	0	0	0
LC616043.1	0	0	0	0	0	0	0	0	0	0
LC616044.1	0	0	0	0	0	0	0	0	0	0
LC616045.1	0	0	0	0	0	0	0	0	0	0
LC616046.1	0	0	0	0	0	0	0	0	0	0
LC616047.1	0	0	0	0	0	0	0	0	0	0
LC616048.1	0	0	0	0	0	0	0	0	0	0
LC616049.1	0	0	0	0	0	0	0	0	0	0
LC616050.1	0	0	0	0	0	0	0	0	0	0
LC616051.1	0	0	0	0	0	0	0	0	0	0
LC616052.1	0	0	0	0	0	0	0	0	0	0
LC616053.1	0	0	0	0	0	0	0	0	0	0
LC616054.1	0	0	0	0	0	0	0	0	0	0
LC616055.1	0	0	0	0	0	0	0	0	0	0
LC616056.1	0	0	0	0	0	0	0	0	0	0
LC616057.1	0	0	0	0	0	0	0	0	0	0
LC616058.1	0	0	0	0	0	0	0	0	0	0
LC616059.1	0	0	0	0	0	0	0	0	0	0
LC616060.1	0	0	0	0	0	0	0	0	0	0
LC616061.1	0	0	0	0	0	0	0	0	0	0
LC616062.1	0	0	0	0	0	0	0	0	0	0
LC616063.1	0	0	0	0	0	0	0	0	0	0
LC616064.1	0	0	0	0	0	0	0	0	0	0
LC616065.1	0	0	0	0	0	0	0	0	0	0
LC616066.1	0	0	0	0	0	0	0	0	0	0
LC616067.1	0	0	0	0	0	0	0	0	0	0
LC616068.1	0	0	0	0	0	0	0	0	0	0
LC616069.1	0	0	0	0	0	0	0	0	0	0
LC616074.1	0	0	0	0	0	0	0	0	0	0
LC616075.1	0	0	0	0	0	0	0	0	0	0
LC616076.1	0	0	0	0	0	0	0	0	0	0
LC616077.1	0	0	0	0	0	0	0	0	0	0
LC629596.1	8	0	0	0	0	7	0	0	11	6
LC645408.1	0	0	0	19	0	0	0	0	75	0
LC645425.1	0	0	0	20	0	0	0	0	69	0
LC645426.1	0	0	0	20	0	0	0	0	75	0
LC645427.1	5	0	0	0	0	0	0	0	0	0
LC645428.1	0	7	0	0	0	0	35	0	0	0
LC645429.1	0	15	0	0	0	0	35	0	0	0
LC645430.1	7	11	0	0	0	0	26	0	0	0
LC645431.1	0	11	0	0	0	0	33	0	0	0
LC645432.1	6	10	0	0	0	0	40	0	0	0
LC645433.1	0	7	0	0	0	0	37	0	0	0
LC645434.1	0	14	0	0	0	0	35	0	0	0
LC645435.1	0	13	0	0	0	0	43	0	0	0
LC645436.1	0	15	0	0	0	0	30	0	0	0
LC645437.1	0	10	0	0	0	0	33	0	0	0
LC645439.1	0	0	0	0	0	0	0	0	0	0
LC645440.1	0	0	0	0	0	0	0	0	0	0
LC645441.1	9	0	0	0	0	0	0	0	0	0
LC645445.1	0	0	0	0	0	0	0	0	0	0
LC645446.1	5	0	0	0	0	0	0	0	0	0
LC645450.1	254	19908	0	0	0	0	0	0	0	0
LC726803.1	0	0	0	0	0	0	0	0	0	0
LC727876.1	0	0	0	0	0	0	0	0	0	0
LC727877.1	0	0	0	0	0	0	0	0	0	0
LC727878.1	0	0	0	0	0	0	0	0	0	0
LC727879.1	373	0	133	0	0	21	1100	185	434	0
LC727880.1	0	0	0	0	0	0	0	0	0	0
LC727881.1	17	0	0	0	0	0	0	0	0	0
LC727882.1	0	0	0	0	0	0	0	0	0	0
LC727884.1	0	0	0	0	0	0	0	0	0	0
LC727885.1	0	0	0	0	0	0	0	0	0	0
LC727886.1	0	0	0	0	0	0	0	0	0	0
LC727887.1	0	0	0	0	0	0	0	0	0	0
LC727888.1	0	0	0	0	0	0	0	0	0	0
LC727890.1	0	0	0	0	0	0	0	0	0	0
LC727891.1	0	0	0	0	0	0	0	0	0	0
LC727892.1	0	0	0	0	0	0	0	0	0	0
LC727893.1	0	0	0	0	0	0	0	0	0	0
LC727894.1	0	0	0	0	0	0	0	0	0	0
LC727895.1	0	0	0	0	0	0	0	0	0	0
LC727896.1	0	0	0	0	0	0	0	0	0	0
LC727897.1	0	0	0	0	0	0	0	0	0	0
LC727898.1	0	0	0	0	0	0	0	0	0	0
LC727899.1	0	0	0	0	0	0	0	0	0	0
LC727900.1	0	0	0	0	0	0	0	0	0	0
LC727901.1	0	0	0	0	0	0	0	0	0	0
LC727902.1	0	0	0	0	0	0	0	0	0	0
LC727903.1	9	0	0	0	0	0	0	0	0	0
LC727904.1	41	0	0	0	0	0	0	0	8	183
LC730321.1	6924	157	85	695	52	50	34	364	242	563
LC738869.1	22	57	50	141	159	0	14	5	79	389
LC738870.1	0	8	0	0	0	0	0	0	0	0
LC738871.1	0	11	54	7	44	0	0	0	17	98
LC738875.1	0	0	0	0	0	0	0	0	0	39
LC738876.1	0	0	0	0	0	0	0	0	0	0
LC738877.1	0	10	10	24	5	14	0	0	0	5
LC738880.1	0	0	0	0	0	0	0	0	0	0
LC738881.1	0	0	0	0	0	0	0	0	0	0
LC738885.1	0	0	0	0	0	0	0	0	0	0
LC744178.1	0	0	0	0	0	0	0	0	74	0
LC744179.1	0	0	0	0	0	0	0	0	0	0
LC744180.1	0	0	0	0	0	0	0	0	0	0
LC744181.1	0	0	0	0	0	0	0	0	0	0
LC744182.1	0	0	0	0	0	0	0	0	0	0
LC744183.1	0	0	0	0	0	0	0	0	0	0
LC744184.1	0	0	0	0	0	0	0	0	0	0
LC744185.1	0	0	0	0	0	0	0	0	0	0
LC744186.1	0	0	7	0	0	0	0	0	0	0
LC744187.1	0	0	0	0	0	0	0	0	0	0
LC744188.1	0	0	0	0	0	0	0	0	0	0
LC744189.1	0	0	0	0	0	0	0	0	0	0
LC744190.1	0	0	38	0	0	0	0	0	0	0
LC744191.1	0	0	0	0	0	0	0	0	0	0
LC744192.1	0	0	0	0	0	0	0	0	0	0
LC744193.1	0	0	20	0	0	0	0	0	0	0
LN997803.1	0	7963	0	0	0	26	0	0	0	0
LR595860.1	0	6	7	0	16	0	0	5	0	0
LR595861.1	0	21	0	0	0	0	0	0	0	0
LR595863.1	0	7	0	0	14	0	0	0	7	9
LR595865.1	7	0	0	0	13	0	0	0	8	7
LR595867.1	0	0	0	0	0	0	0	0	0	0
LR595868.1	35	0	0	0	0	0	0	15	0	0
LR597641.1	187	0	11	0	3432	40	533	0	0	0
LR597644.1	0	5	0	0	9	0	0	0	5	0
LR597648.1	0	5	0	0	12	0	0	0	7	0
LR597650.1	0	7	0	0	8	0	0	0	8	0
LR597651.1	6659	0	0	0	10	5	0	16	6	6
LR597652.1	0	6	0	0	13	0	0	0	0	0
LR597653.1	0	8	7	0	14	0	0	0	6	0
LR743428.1	0	0	0	0	0	0	0	0	0	0
LR745706.1	0	0	0	0	0	0	0	0	0	0
LR745707.1	0	0	0	0	0	0	0	0	0	0
LR745708.1	0	0	0	0	0	0	0	0	0	0
LR745709.1	0	0	0	0	0	0	0	0	0	0
LR798284.1	0	158	0	0	0	0	0	0	0	0
LR812926.1	9	0	0	0	0	0	0	0	0	0
LR812927.1	0	0	0	0	0	0	0	0	0	0
LR812929.1	5	0	0	0	0	0	0	0	0	0
LR812930.1	9	0	0	0	0	0	0	0	0	0
LR812931.1	9	0	0	0	0	0	0	0	0	0
LR812932.1	5	0	0	0	0	0	0	0	0	0
LR881137.1	0	0	0	0	0	0	0	0	0	0
LR994485.1	0	0	0	0	0	0	0	0	0	0
LR994504.1	8	0	15	24	43	0	10	8	0	6
LR994505.1	8	0	12	22	10	10	5	0	6	10
LR994520.1	0	0	11	0	43	0	0	0	0	0
LT896726.1	17	0	0	0	0	0	0	0	0	0
M14017.1	6768	40	10015	413	1261	147	153	19	49	2218
M16575.1	606	704	1546	1834	157	2136	932	1425	560	109
M22457.1	0	10	11	0	11	0	0	5	0	0
M22458.1	0	5	12	0	10	0	0	0	5	5
M29653.1	0	6	0	0	0	0	0	0	0	0
M37086.1	74	9	11315	194	15	11	5	14	937	0
M37588.1	6	6	10	0	5	0	0	5	0	0
M75136.2	0	0	0	0	0	0	0	0	0	0
M81861.1	0	0	6	0	0	10	0	0	0	0
M87572.1	0	8	0	0	0	10	0	89	0	0
M87573.1	8	5	0	0	0	8	0	94	5	0
M87578.1	47	483	173	7	30	16	172	487	16	11
M87581.1	691	750	1724	2177	195	2076	1000	1498	534	133
M87583.1	10	0	0	0	0	0	0	0	5	0
M87584.1	9	0	0	0	0	0	0	0	0	0
M87591.1	29	8	8	30	0	198	50	28	0	0
M87592.1	130	33	655	584	43	181	248	231	253	11
MF033604.1	0	0	0	0	0	0	0	0	0	0
MF038789.1	6	0	0	0	0	0	0	0	0	5
MF062693.1	0	0	0	0	0	0	0	0	0	0
MF062694.1	0	5	11	0	14	0	0	0	5	56
MF094130.1	0	0	0	0	0	0	0	0	0	0
MF125269.1	0	0	0	0	0	0	0	0	0	0
MF289414.1	96	250	0	8	25	124	219	206	35	69
MF360246.1	6	0	5	0	0	0	0	0	0	0
MF372125.1	0	0	0	0	0	5	0	0	0	0
MF374379.1	11026	579	202041	1576	31011	49254	0	359	248	562
MF417867.1	0	0	0	0	0	0	0	0	0	0
MF417897.1	0	0	55	0	0	0	0	0	0	0
MF468140.1	21	6732	135	71	16224	9537	5937	28	74	7
MF468141.1	0	0	0	0	0	0	0	0	0	0
MF468142.1	0	0	0	0	0	0	0	0	0	0
MF468143.1	0	0	0	0	0	0	0	0	0	0
MF468144.1	0	0	0	0	0	0	0	0	0	0
MF468147.1	21	6938	126	51	16253	9507	6334	15	90	6
MF538628.1	0	0	0	0	0	0	0	0	0	0
MF595989.1	0	0	0	0	0	0	0	0	0	26
MF807953.1	0	0	0	0	0	0	0	0	0	0
MF919515.1	0	0	0	0	0	0	0	0	7	0
MF994813.1	0	0	0	0	0	0	0	0	0	11
MF994815.1	0	0	0	0	0	0	0	0	0	25
MF994817.1	0	0	0	0	0	0	0	0	0	5
MF994818.1	0	0	0	0	0	0	0	0	0	96
MF994820.1	0	0	0	0	0	0	0	0	0	29
MG543995.1	0	0	0	0	0	0	0	0	0	0
MG646679.1	0	5	0	0	10	10	0	6	0	6
MG710528.1	669	19884	23	121	7	37	77	25054	0	0
MG770349.1	49	65	0	0	0	8	126	187	32	22
MG820643.1	0	0	0	0	0	0	0	0	0	0
MG820644.1	0	0	0	0	0	0	0	0	0	0
MG820645.1	0	0	0	0	0	0	0	0	0	0
MG953518.1	0	7	0	0	0	0	0	0	0	40
MG958667.2	0	0	0	0	0	0	0	0	0	0
MH052023.1	0	0	0	0	0	0	0	0	0	0
MH118029.1	0	0	0	0	0	0	0	0	0	0
MH118035.1	0	0	0	0	0	5	0	0	0	0
MH133207.1	0	0	0	15	0	0	0	0	0	0
MH160364.1	0	13	0	0	0	0	0	0	0	0
MH319852.1	0	5	8	0	0	0	0	10	0	0
MH396663.1	0	0	0	0	0	0	0	0	0	0
MH445380.1	2646	407	7022	449	468	127	32	72	866	490
MH559812.1	8	8	0	0	0	0	18	43	0	5
MH590376.1	0	0	21	0	0	0	0	0	0	0
MH590409.1	13	35	63	0	6	0	0	0	14	15
MH590442.1	0	0	10	0	0	11	0	11	0	19
MH590498.1	0	0	0	5	0	0	6	0	0	0
MH590571.1	10	7	22	0	6	0	0	0	11	21
MH673672.2	0	0	0	0	0	0	0	0	0	0
MH698400.1	0	113	0	0	4419	0	0	0	12	102
MH698403.1	9	22	0	0	3446	0	0	0	6	54
MH717096.1	0	0	0	0	0	0	0	0	0	0
MH790588.1	0	0	0	9	0	0	0	0	0	0
MH790654.1	0	0	0	8	0	0	0	0	0	0
MH790659.1	5	0	6	0	0	0	10	0	0	12
MH790667.1	25	11	14	10	20	0	0	9	0	9
MH883318.1	149	141	0	0	0	5	740	576	120	98
MH892403.1	0	0	0	0	0	0	0	8	0	0
MK231506.1	0	0	0	86	0	0	0	0	0	0
MK231623.1	0	0	0	0	26	0	0	0	0	0
MK231637.1	0	0	0	0	0	0	0	0	0	0
MK231893.1	0	0	0	116	0	0	0	0	0	0
MK231899.1	0	0	0	41	0	0	0	0	0	0
MK232081.1	0	0	0	0	0	99	0	0	0	0
MK233791.1	0	5	9	11	34	0	0	8	6	0
MK233924.1	0	0	0	0	0	0	0	10	0	0
MK233999.1	0	0	0	5	0	0	0	0	1543	0
MK310228.1	0	0	0	0	0	0	0	0	0	0
MK332105.2	19	84	0	0	0	17	18	8	0	29
MK384141.1	0	0	0	0	0	0	0	0	0	0
MK384275.1	0	0	0	0	0	0	0	0	0	45
MK384293.1	0	0	0	0	0	0	0	0	0	6
MK384503.1	0	0	11	0	0	24	0	0	0	0
MK416010.1	9	0	0	0	0	0	0	0	130	0
MK416013.1	0	0	160	0	0	0	0	0	0	0
MK422448.1	6	0	0	0	0	0	0	0	98	0
MK422451.1	0	0	0	0	0	169	0	0	0	0
MK425187.1	23	8346	143	48	15868	9553	6651	28	106	7
MK433577.1	34	0	0	0	13	0	0	8	0	0
MK448234.1	0	0	157	0	0	0	0	0	0	0
MK448237.1	250	0	137	978	0	0	121	74	0	0
MK458222.1	0	0	0	0	0	0	0	0	0	5
MK500337.1	0	0	0	0	0	0	0	0	0	14
MK733609.1	788	8196	3102	59	5848	6870	6597	139	79	7
MK907238.1	0	0	0	0	0	0	0	0	0	0
MK937070.1	27	8385	122	49	15763	9580	6533	22	88	9
MK948405.1	0	0	0	0	0	0	0	0	0	0
MK948413.1	0	0	0	0	0	0	15	0	0	0
MN067515.1	0	0	0	0	0	0	0	0	0	0
MN075802.1	26	8253	123	52	15936	9388	6587	24	92	7
MN159377.1	0	0	0	0	122	0	0	0	0	0
MN159378.1	0	0	5	7	29	0	0	0	0	0
MN159382.1	0	0	0	0	0	0	0	0	22	0
MN175678.1	0	8	52	0	0	17	8	0	6	17
MN270274.1	0	0	0	5	0	0	0	0	0	0
MN340231.1	0	0	0	0	0	0	0	0	0	0
MN399843.1	14030	58	5264	5292	1513	245	104	13	666	1070
MN399844.1	13613	150	21902	5557	1652	253	170	25	835	1662
MN399848.1	13638	114	21768	5608	1621	227	160	23	754	1558
MN399851.1	7892	13	4528	511	1277	194	97	14	141	1019
MN437483.1	25	8210	125	72	16361	9772	6528	29	97	6
MN528599.1	5850	21318	132400	54657	623	5831	7365	1737	18	13461
MN693223.1	0	0	0	0	0	0	0	0	0	0
MN693290.1	0	5	0	21	0	8	8	0	7	51
MN693828.1	0	0	5	0	0	0	0	0	0	0
MN694286.1	28	0	0	0	0	0	0	0	0	0
MN694441.1	27	8	8	21	0	7	0	0	12	6
MN781580.1	6	0	0	0	0	0	0	0	0	0
MN784693.1	2658	2251	37266	12363	17339	1736	2435	739	208	0
MN813679.1	88	0	0	0	0	0	0	0	0	0
MN820536.1	0	0	0	0	0	0	0	11	5	10
MN855675.1	6662	70	94	0	6	42	0	360	246	538
MN855678.1	55	60	0	0	26	0	0	0	11	0
MN855681.1	0	15	0	610	8	5	45	0	0	0
MN855687.1	6	63	9	0	20	0	0	0	0	0
MN862068.1	0	0	0	0	0	0	0	0	0	367
MN887110.1	0	0	0	0	0	0	0	0	0	0
MN900952.1	18	8197	129	45	16201	9413	6544	22	88	0
MN920393.1	31	8259	138	43	15930	9492	6550	33	101	0
MN967017.1	20	0	0	0	0	0	0	0	0	0
MT027255.1	0	0	7	0	0	0	0	0	0	0
MT028491.1	0	0	0	5	0	0	0	0	0	0
MT080321.1	0	0	28	0	0	0	0	0	0	0
MT121966.1	0	0	0	0	0	0	0	0	0	0
MT138271.1	0	0	0	0	0	9	0	0	0	0
MT150583.1	6	0	7	0	7	0	0	8	0	0
MT154976.1	17	5	0	0	0	0	0	0	0	15
MT154980.1	57	7	12	0	0	0	0	0	0	5
MT157263.1	0	0	5	0	0	0	0	9	0	0
MT157325.1	23	8379	127	56	15803	9541	6562	28	100	10
MT157326.1	25	8261	147	53	16047	9424	6635	23	95	5
MT157327.1	21	8203	133	64	16044	9546	6480	29	90	0
MT190419.1	0	0	0	0	0	0	0	0	0	0
MT197597.1	44	32	63	67	94	28	27	27	20	62
MT203486.1	0	0	0	0	0	0	14	0	0	0
MT207080.1	0	17	0	0	0	0	0	0	0	0
MT225100.1	0	0	0	0	12	0	0	0	0	0
MT225101.1	0	7	0	0	6	0	0	0	0	0
MT249223.1	0	0	0	0	0	0	0	0	0	0
MT250509.1	0	0	0	0	0	0	0	0	0	0
MT309890.1	0	0	0	6	0	0	0	0	0	0
MT364888.1	456	32	11	0	29	1934	159	487	65	0
MT663336.1	30	14	20	9	28	12	6	11	6	13
MT677933.1	0	0	0	7	0	0	0	0	0	0
MT713136.1	0	0	0	0	925	0	0	0	7608	0
MT740315.1	0	0	0	0	0	0	0	0	0	0
MT756864.1	0	0	0	0	0	0	0	0	0	0
MT813197.1	0	0	0	0	0	0	0	0	0	0
MT833387.1	0	0	0	0	0	0	0	0	0	0
MT880872.1	0	0	0	0	0	0	0	0	0	0
MT886700.1	20	8261	76	39	739	4174	6605	24	77	5
MT903346.1	0	14	0	0	0	0	0	0	0	9
MT955328.1	26	8242	128	49	16034	9489	6437	23	88	6
MT994392.1	19	8253	141	54	16023	9719	6438	23	109	0
MW032264.1	0	0	0	0	0	0	0	5	0	24
MW057783.1	6994	181	108	647	48	50	37	387	271	588
MW062790.1	0	0	0	0	0	8	0	0	0	0
MW062906.1	126	0	0	0	46	0	32	0	0	0
MW095821.1	0	0	0	0	0	0	0	0	0	0
MW095822.1	0	0	0	0	0	0	0	0	0	0
MW095867.1	0	0	0	0	0	0	0	0	0	0
MW095907.1	0	0	0	0	0	0	0	0	0	0
MW103318.1	0	0	0	0	0	0	0	0	0	0
MW104510.1	0	0	0	0	0	0	0	0	0	0
MW161466.1	0	0	0	0	0	0	0	0	0	0
MW161467.1	0	0	0	0	0	0	0	0	0	0
MW174761.1	8	0	0	0	0	0	0	9	0	8
MW248137.1	0	0	0	0	0	0	0	0	0	0
MW260501.1	0	0	0	0	0	0	0	0	0	7
MW260504.1	0	0	0	0	0	0	0	0	5	0
MW309540.1	0	0	0	0	0	0	0	0	0	0
MW334191.1	0	0	0	0	0	0	0	0	0	0
MW334215.1	0	0	0	0	0	0	0	0	0	0
MW423800.1	0	0	0	0	30	0	0	0	0	0
MW454895.1	0	0	0	0	0	0	0	7	0	0
MW454900.1	0	0	0	0	0	0	0	0	0	15
MW462191.1	0	0	0	0	0	0	0	0	0	0
MW505928.1	0	0	0	0	0	0	0	0	8	0
MW560175.1	21	0	0	58	10	0	0	0	7	0
MW715619.1	0	24	0	0	0	0	0	0	0	0
MW940804.1	0	0	0	0	0	0	0	0	0	0
MZ043613.1	0	0	0	6	0	0	0	0	0	0
MZ043897.1	0	0	0	0	0	0	0	0	0	0
MZ054335.1	22	8141	120	62	15742	9458	6475	17	94	11
MZ081002.1	0	0	0	0	0	0	0	0	0	28
MZ092003.1	5	0	0	0	0	13	0	0	32	0
MZ151943.1	27	8328	122	60	16044	9578	6527	20	93	7
MZ189188.1	0	21	0	0	0	0	0	0	0	0
MZ189223.1	0	0	0	0	0	0	0	0	0	7
MZ189235.1	0	0	6	0	0	0	0	0	0	0
MZ218240.1	0	0	164	0	0	0	0	0	0	0
MZ272060.1	5	13	0	0	0	0	0	0	0	16
MZ328292.1	25	12	0	0	0	0	156	104	13	15
MZ375336.1	895	4995	375	7232	160283	3152	3957	5139	321	2939
MZ420563.1	5	0	0	0	0	0	5	0	0	42
MZ517252.1	20	8236	128	46	16026	9567	6435	20	102	8
MZ517253.1	19	8263	109	47	15954	9650	6702	19	90	8
MZ556573.1	46	21	0	0	0	45	36	33	97	72
MZ558781.1	0	0	0	0	0	0	0	0	0	0
MZ679303.1	0	0	0	0	0	0	0	0	0	0
MZ679304.1	0	0	0	0	0	0	0	5	0	0
MZ679790.1	0	0	0	0	0	0	0	0	0	0
MZ680316.1	162	41	0	0	0	25	36	55	854	0
MZ681930.1	5	0	0	0	0	0	0	0	0	0
MZ766785.1	17	13	66	0	7	0	0	0	0	16
MZ779062.1	0	0	0	0	0	321	0	0	0	0
MZ820085.1	0	0	0	0	0	0	0	0	0	57
MZ824230.1	390	138	237	291	15	644	68	434	572	0
MZ997839.1	0	0	0	0	0	0	0	0	0	0
NC_000902.1	0	0	0	0	0	0	0	0	0	0
NC_000924.1	0	0	0	0	0	0	0	0	0	0
NC_001416.1	6977	175	87	647	55	45	35	334	224	542
NC_001450.1	182	202	466	356	20	879	249	371	235	24
NC_001479.1	0	0	0	0	7	0	0	0	0	0
NC_001493.2	0	0	0	0	0	0	0	0	0	0
NC_001664.4	0	0	0	0	2811	0	0	0	0	46
NC_001901.1	0	0	0	0	0	0	0	0	0	0
NC_002166.1	0	0	0	0	0	0	0	0	0	0
NC_002167.1	0	0	0	0	0	0	0	0	0	0
NC_002730.1	0	0	0	0	0	0	0	0	0	0
NC_003444.1	0	0	0	0	0	0	0	0	11	0
NC_004813.1	0	0	0	0	0	0	0	0	0	0
NC_004913.3	0	0	0	0	0	0	0	0	0	0
NC_004914.3	0	0	0	0	0	0	0	0	0	0
NC_005056.1	0	0	0	0	0	0	0	0	0	0
NC_005344.1	1447	0	0	0	0	0	0	0	0	0
NC_005856.1	124	19	37	4963	198	6719	81	187	0	24
NC_008912.1	0	0	0	0	0	0	0	0	0	6
NC_009514.1	0	0	0	0	0	0	0	0	0	0
NC_009552.3	0	14	0	0	0	507	0	0	0	0
NC_009827.1	0	0	0	0	0	0	0	0	0	0
NC_010237.1	0	0	0	0	0	0	0	0	0	0
NC_011356.1	0	0	0	0	0	0	6289	0	0	0
NC_011357.1	0	0	0	0	0	0	0	0	0	0
NC_016160.1	0	0	0	0	0	0	0	0	0	0
NC_017985.1	0	0	0	0	0	0	0	0	0	0
NC_018464.1	0	0	0	0	0	0	0	0	0	0
NC_018834.1	0	0	0	0	0	0	0	0	0	0
NC_019401.1	0	0	0	0	9	0	0	0	0	0
NC_019445.1	0	0	0	0	0	0	0	0	0	0
NC_019501.1	7	0	0	0	0	0	0	0	0	0
NC_019705.1	0	0	0	0	0	0	0	0	0	0
NC_019708.1	0	0	0	0	0	0	0	0	0	0
NC_019709.1	0	0	0	0	0	0	0	0	0	0
NC_019710.1	0	0	0	0	0	0	0	0	0	0
NC_019711.1	6873	82	83	0	19	55	0	336	223	516
NC_019714.1	0	0	0	0	0	0	0	0	0	0
NC_019715.1	16	0	0	0	0	0	0	0	0	0
NC_019716.1	77	0	0	0	0	0	0	0	0	0
NC_019719.1	0	0	0	0	0	0	0	0	0	0
NC_019720.1	0	0	0	0	0	0	0	0	0	0
NC_019723.1	6881	93	80	608	17	46	0	351	261	529
NC_019767.1	6	0	0	0	0	0	0	0	0	0
NC_019768.1	13	0	0	0	0	0	0	0	0	0
NC_019769.1	0	0	0	0	0	0	0	0	0	0
NC_021857.1	1567	0	0	0	0	0	0	0	0	0
NC_022098.1	0	0	0	0	0	0	0	0	0	0
NC_022339.1	16	0	0	0	0	0	0	0	0	0
NC_022343.1	0	0	0	0	0	0	0	0	0	0
NC_022749.1	155	0	72	52	6	24	35	95	0	0
NC_023500.1	0	1904	0	0	0	0	0	0	0	0
NC_026607.2	0	0	0	0	0	0	0	0	0	0
NC_027333.1	5	0	0	0	0	0	0	0	0	0
NC_027339.1	0	57	8	0	31	0	42	0	0	0
NC_027344.1	0	0	0	0	0	0	0	0	0	0
NC_027346.1	12	0	0	0	0	0	0	0	0	0
NC_027361.1	9	0	0	0	0	0	0	0	0	0
NC_027391.1	0	0	0	0	0	0	0	0	0	0
NC_027398.1	10	0	0	0	0	0	0	0	0	0
NC_027984.1	24	89	89	41	6807	7411	6537	15	102	10
NC_028696.2	82	0	0	24	0	0	0	0	0	9
NC_028943.1	0	0	0	0	0	0	0	0	0	0
NC_029073.1	0	0	0	0	0	121	0	0	0	0
NC_030919.1	0	0	0	0	0	0	0	0	0	0
NC_031005.2	0	0	0	0	0	0	0	0	0	0
NC_031084.1	0	0	0	0	0	0	0	0	0	0
NC_031129.1	0	0	0	0	0	0	0	0	0	0
NC_031946.1	0	0	0	0	0	0	0	0	0	0
NC_032111.1	0	0	10	21	0	0	0	0	0	0
NC_040615.1	0	9	0	0	23	0	18	6	5	0
NC_040681.1	0	5	0	0	0	0	0	0	0	0
NC_041848.1	0	0	0	0	0	0	0	0	0	0
NC_041873.1	0	0	0	0	0	0	0	0	0	0
NC_041935.1	0	0	0	0	0	0	0	0	0	0
NC_042044.1	0	0	0	0	0	0	0	0	0	0
NC_042047.1	0	0	0	0	0	0	0	0	0	0
NC_042057.1	13349	22304	177114	59351	13118	6513	24168	4810	2395	17867
NC_042128.1	216	0	26	3231	19	17	116	402	0	0
NC_043054.1	15	0	0	96	8	14	5	6	20	0
NC_043314.1	0	0	0	0	0	0	0	0	0	0
NC_043325.1	0	0	0	0	0	0	0	0	0	11
NC_047818.1	0	0	0	0	0	0	0	0	0	0
NC_047900.1	0	0	0	0	0	0	0	0	0	0
NC_047901.1	0	0	0	0	0	0	0	0	0	0
NC_047932.1	0	0	0	0	0	0	0	0	0	0
NC_048638.1	0	0	0	0	0	0	0	0	0	0
NC_048639.1	0	0	0	0	0	0	0	0	0	0
NC_049342.1	3513	4763	275	0	544	2047	351	2436	8692	105
NC_049343.1	0	0	0	0	0	0	2271	0	0	0
NC_049344.1	0	0	0	0	0	0	0	0	0	0
NC_049385.1	0	0	0	0	0	0	0	0	0	0
NC_049387.1	0	0	0	0	0	0	0	0	0	0
NC_049388.1	0	0	0	0	0	0	0	0	0	0
NC_049389.1	0	0	0	0	0	0	0	0	0	0
NC_049448.1	35	0	0	0	11	0	0	0	0	0
NC_049451.1	0	0	8	0	0	0	0	0	0	0
NC_049453.1	0	0	14	0	0	0	0	0	0	0
NC_049454.1	33	0	0	0	0	0	0	0	0	0
NC_049461.1	0	0	0	0	0	0	0	0	0	0
NC_049462.1	0	0	0	0	0	0	0	0	0	0
NC_049472.1	0	0	0	0	0	0	0	0	0	0
NC_049919.1	0	0	0	0	0	0	0	0	0	0
NC_049920.1	0	0	0	0	0	0	0	0	0	0
NC_049921.1	0	0	0	0	0	0	0	0	0	0
NC_049922.1	23	98	94	47	5698	6840	6531	17	103	11
NC_049923.1	0	0	0	0	0	0	0	0	0	0
NC_049924.1	0	0	0	0	0	0	0	0	0	0
NC_049925.1	15	111	80	35	8481	7787	4272	13	72	0
NC_049926.1	0	0	0	0	0	0	0	0	0	0
NC_049941.1	467	0	159	0	0	0	1081	10	1174	0
NC_049942.1	0	0	49	0	0	378	0	140	0	0
NC_049943.1	0	0	0	0	0	0	0	0	0	0
NC_049944.1	0	0	0	0	0	0	0	0	0	0
NC_049945.1	0	0	0	0	0	0	0	0	0	0
NC_049946.1	0	22	0	0	0	0	0	0	0	0
NC_049947.1	0	7	5	0	10	5	0	0	0	8
NC_049948.1	61	31	0	0	0	0	0	0	16	0
NC_049949.1	0	38	10	0	0	12	18	0	0	0
NC_049950.1	142	8	196	0	13924	26	21	7	91	0
NC_049951.1	6939	109	104	663	24	43	0	331	246	14
NC_049952.1	7	14	0	0	5	0	34	40	5	0
NC_049953.1	6942	124	122	0	925	29	5	100	35	7
NC_049954.1	468	72	9	0	0	0	32	0	5	0
NC_049955.1	414	74	9	0	30	9	41	23	9	0
NC_050152.1	2664	421	6949	445	481	150	41	99	897	522
NC_050153.1	0	0	0	0	37	0	0	0	0	0
NC_050154.1	0	0	0	196	0	0	0	106	0	0
NC_055142.1	12	0	15	0	15	5	6	8	0	14
NC_055844.1	0	0	0	0	0	0	0	0	0	0
NC_055845.1	0	0	0	0	0	0	0	0	0	0
NC_055846.1	0	0	0	0	0	0	0	0	0	0
NC_061446.1	46	0	0	0	0	0	0	0	0	0
NC_070902.1	0	0	0	0	0	0	0	0	0	0
NC_070903.1	0	0	0	0	0	0	0	0	0	0
NC_070904.1	0	0	0	0	0	0	0	0	0	0
NC_070905.1	0	0	0	0	0	0	0	0	0	0
NC_070906.1	0	0	0	0	0	0	0	0	0	0
NC_070908.1	0	0	0	0	0	0	0	0	0	0
NC_072504.1	0	0	0	454	0	0	0	0	0	0
OK000912.1	28	20	44	41	76	15	17	21	23	32
OK386564.1	0	0	0	0	0	0	0	0	0	0
OK574408.1	0	0	0	0	0	0	0	0	0	0
OL343610.1	15	23	107	0	287	0	0	0	13	53
OL343612.1	0	6	0	0	0	0	0	9	0	0
OL355129.1	11324	1019	16	4982	295	1157	78544	2021	58	4660
OL597562.1	14	69	0	0	0	9	9	80	104	6
OL638991.1	14	14	19	17	10	8	9	7	9	11
OL657226.1	200	61	22	0	0	12	0	170	9	0
OL657227.1	217	77	36	3927	187	6989	90	13818	17	27
OL657228.1	392	49	17	0	0	0	0	0	14	0
OL674076.1	0	6	0	0	0	0	0	8	0	5
OL674078.1	0	0	0	0	151	0	0	0	0	0
OL774863.1	0	0	0	0	0	0	0	0	0	0
OL774866.1	0	0	0	0	0	0	11925	0	0	0
OL852219.1	0	0	0	0	0	0	0	0	0	0
OL906384.1	0	0	0	0	0	0	0	0	0	0
OL944604.1	0	0	0	0	0	0	0	0	0	0
OM048724.1	0	0	0	0	0	0	0	0	0	0
OM418625.1	6882	78	83	604	20	48	0	390	238	563
OM418626.1	6980	176	97	602	48	35	0	376	230	560
OM418627.1	6775	104	49	629	18	41	0	314	230	6
OM475426.1	0	0	0	0	0	0	0	0	0	0
OM475427.1	6953	71	40	0	0	38	0	60	249	26
OM475428.1	41	35	50	25	68	14	20	26	22	51
OM475430.1	0	26	0	0	0	0	0	0	0	0
OM475431.1	0	0	0	0	0	0	0	0	0	0
OM475432.1	6975	167	105	658	45	44	37	350	264	574
OM475434.1	0	0	0	0	0	0	0	0	0	0
OM475435.1	6833	159	111	650	42	46	33	378	243	536
OM517184.1	11	6	102	0	109	0	11	0	0	6
OM523013.1	0	0	0	0	0	0	1107	0	0	0
OM835953.1	0	0	0	0	0	0	0	0	0	0
OM863569.1	0	0	0	0	0	0	0	0	0	0
OM912978.1	0	0	0	0	0	0	0	0	0	0
ON018986.2	0	22	0	1148	175	6942	15	59	0	0
ON032529.1	19	0	6205	0	13141	8	434	17	0	0
ON041214.1	0	0	0	0	0	0	0	0	0	0
ON066368.1	0	0	0	0	0	0	0	0	0	0
ON109535.1	13	8247	133	44	15950	9633	6759	25	74	9
ON109614.1	0	0	0	0	0	0	0	0	0	0
ON146439.1	0	0	0	0	0	0	0	0	0	0
ON146440.1	0	0	0	0	0	0	0	0	0	0
ON186859.1	0	0	0	0	0	0	0	0	0	0
ON239131.1	0	0	0	0	0	0	0	0	0	0
ON323462.1	0	0	0	0	0	0	0	0	0	0
ON470579.1	187	0	0	0	0	0	1246	0	0	0
ON470580.1	0	0	0	0	0	0	0	0	0	0
ON470581.1	49	0	0	0	0	0	0	0	0	0
ON470583.1	13	0	0	0	0	0	0	0	0	0
ON470584.1	0	0	0	0	310	654	0	0	0	0
ON470585.1	41	0	0	0	0	0	0	0	0	0
ON470586.1	0	0	0	0	0	0	0	0	0	0
ON470587.1	38	0	0	0	0	0	0	0	0	0
ON470588.1	190	0	0	0	0	0	1161	0	0	0
ON470589.1	0	0	0	0	0	0	0	0	0	0
ON470590.1	151	0	0	0	0	0	0	0	61	0
ON470592.1	773	26	0	0	0	9	0	8	1413	0
ON470593.1	174	0	0	0	0	0	1164	0	0	0
ON470594.1	0	0	0	0	0	0	0	0	0	0
ON470595.1	167	1150	1148	37	0	3056	350	0	164	0
ON470596.1	0	0	0	0	0	0	0	0	0	0
ON470598.1	174	0	0	0	5	0	0	0	0	0
ON470599.1	0	69	145174	0	0	0	0	0	0	0
ON470601.1	0	16	0	0	0	0	0	0	0	0
ON470602.1	49	0	0	0	0	0	0	0	0	0
ON470603.1	26	0	0	0	0	0	0	0	0	0
ON470604.1	0	0	0	0	0	0	0	0	0	0
ON470605.1	0	0	11	15	33	185	0	0	0	0
ON470606.1	0	0	0	0	0	0	0	0	0	0
ON470608.1	0	0	0	0	0	0	0	0	0	0
ON470609.1	157	0	0	0	0	0	0	0	0	0
ON470612.1	1878	4968	96	0	0	60	21	198	34	31
ON470614.1	161	0	0	0	0	0	0	0	73	0
ON470616.1	0	0	0	0	0	0	0	0	72	0
ON470618.1	77	0	0	0	0	0	0	0	0	0
ON470619.1	4139	2988	88	0	0	0	0	158	0	36
ON470620.1	0	0	0	5	8409	0	0	567	0	207
ON470622.1	0	0	0	0	0	0	0	0	0	0
ON470623.1	0	62	135418	0	0	7	0	5	0	0
ON470624.1	0	0	0	0	0	0	0	0	0	0
ON470627.1	0	0	0	0	0	0	0	0	0	0
ON529856.1	0	0	0	0	0	0	0	0	0	345
ON529859.1	0	0	0	0	0	0	0	0	0	31
ON529862.1	0	0	0	0	0	0	0	0	0	8
ON529864.1	0	0	0	0	0	0	0	0	0	36
ON555435.1	0	0	0	0	0	0	0	0	0	0
ON557706.1	0	0	0	0	0	0	0	0	0	0
ON755175.1	0	0	0	0	0	0	0	0	0	0
ON816918.1	7	0	0	0	0	0	0	0	0	0
ON960061.1	0	5	0	5	0	6	0	37	8	0
OP073036.1	0	0	0	0	0	0	0	0	0	0
OP073076.1	0	0	0	0	0	0	0	0	0	0
OP073102.1	0	0	0	0	0	0	0	0	0	0
OP073210.1	0	0	2742	0	8	0	0	0	0	0
OP073276.1	75	27	0	0	0	0	0	50	0	0
OP073320.1	0	15	4644	0	0	0	0	0	0	0
OP073358.1	0	0	0	0	0	0	0	0	0	0
OP073365.1	5	0	0	0	0	0	0	0	0	0
OP073455.1	3834	0	0	0	0	0	0	7	0	0
OP073494.1	35	0	0	0	0	0	0	0	0	0
OP073501.1	0	0	42	0	0	0	0	0	0	0
OP073535.1	0	0	0	344	0	0	7	0	0	15
OP073549.1	5	0	0	6	0	0	0	0	0	0
OP073675.1	0	0	0	0	0	0	0	0	0	0
OP073694.1	0	0	0	0	0	0	0	0	0	0
OP073901.1	0	0	0	0	0	0	0	0	0	0
OP073922.1	0	0	0	0	0	301	0	0	0	0
OP073943.1	0	0	0	0	0	0	0	0	0	0
OP074185.1	6396	66	17	0	0	0	10	32	48	0
OP074186.1	0	1795	104	0	0	0	0	0	0	0
OP074586.1	0	0	0	0	0	0	0	0	0	0
OP074733.1	0	0	0	0	0	0	0	0	0	0
OP074988.1	0	0	0	0	0	97	0	0	0	0
OP075305.1	9	0	7	0	0	0	0	0	0	0
OP075315.1	111	0	0	0	0	0	0	0	0	0
OP075455.1	0	0	0	0	0	0	0	0	0	0
OP075467.1	0	0	0	11	0	0	0	0	0	0
OP075491.1	114	172	0	0	0	0	0	117	8	0
OP075865.1	0	0	0	0	37	0	0	0	0	0
OP075993.1	0	0	0	0	0	0	0	0	0	0
OP076171.1	0	0	0	0	0	0	0	0	0	0
OP076436.1	0	0	0	0	0	0	6	22	0	0
OP076445.1	0	0	0	0	0	0	0	0	0	0
OP076492.1	0	0	0	0	0	0	0	0	0	0
OP279344.1	125	0	68	64	0	22	31	31	0	0
OP434518.1	17	67	10	0	19	0	0	0	0	0
OP512562.1	0	0	0	0	0	0	0	0	0	0
OP512575.1	0	0	0	0	0	0	0	0	0	0
OP589943.1	0	0	0	0	5	0	0	0	0	0
OP748251.1	0	0	0	0	0	0	0	0	0	0
OP748252.1	0	0	0	0	0	0	0	0	0	0
OP797663.1	0	0	0	0	0	0	0	0	0	0
OP821798.1	16004	2570	27773	10385	163666	370	757	5211	1897	4575
OQ055246.1	5496	273	27629	805	1395	127	438	86	652	1817
OQ243220.1	6882	231	14	0	12	0	20	41	14	10
OQ354887.1	0	0	12	0	0	17	0	7	5	0
OQ354889.1	0	0	0	0	0	0	0	5	0	0
OQ411034.1	0	0	0	0	0	0	0	0	0	0
OU077602.1	0	0	13	0	0	0	0	0	0	0
OU077898.1	0	0	0	0	0	0	0	0	0	0
OU077904.1	0	0	0	0	0	0	0	0	6	0
OU173607.2	0	0	0	0	0	0	0	0	0	0
OU509537.1	0	0	0	0	0	11	13	6	0	0
OV016108.1	6	0	0	0	0	0	0	0	0	0
OV016109.1	14	749	9	0	0	52	7	10	10	0
OV121128.1	0	56	0	0	0	0	8	7	113	19
OV121129.1	0	0	0	0	0	0	0	0	0	8
OV195202.1	6	6	0	0	0	0	81	6	0	0
OV195277.1	21	0	0	0	0	0	0	0	0	0
OV195597.1	0	19	0	0	0	0	0	0	0	266
OV195847.1	5	0	64	0	0	0	0	0	0	7
OV195900.1	0	0	25	10	3582	0	0	61	0	0
OV195924.1	45	119	8	0	0	82	182	70	99	0
OV196000.1	0	0	0	9	0	0	0	8	0	0
OV196022.1	0	0	0	0	0	0	0	0	0	0
OV196026.1	0	0	0	0	0	89	0	0	0	0
OV196096.1	0	0	0	0	0	0	0	8	0	0
OV196099.1	12	0	0	0	0	0	0	0	0	0
OV196177.1	0	0	0	0	0	0	0	0	0	0
OV196273.1	5	0	24	5	83	10	0	0	0	7
OV196275.1	0	14	0	25	0	6	0	0	0	0
OV196298.1	5	380	0	0	0	5	40	8	0	0
OV196467.1	0	0	0	0	0	0	0	0	0	0
OV196488.1	0	0	0	0	0	325	0	35	407	0
OV196492.1	22	0	0	0	0	0	0	0	0	0
OV196499.1	0	205	1375	0	0	6	0	9	0	0
OV196890.1	0	11	0	0	0	0	0	0	0	0
OV197136.1	5	6	0	0	0	0	0	9	0	0
OV197189.1	0	0	0	0	0	0	0	0	26	0
OV197539.1	0	0	11	0	0	0	0	0	0	0
OV197600.1	0	0	0	0	0	0	0	0	0	0
OV264051.1	0	0	8	0	0	0	0	0	0	0
OV696608.1	0	0	0	0	0	0	0	0	0	0
OV696610.1	24	0	0	0	0	43	0	0	0	0
OV696612.1	60	92	32	0	0	0	0	19	0	0
OV696614.1	0	0	0	0	0	0	0	0	0	0
OW120339.1	0	0	0	0	0	0	0	0	0	0
OW315192.1	0	0	0	0	0	0	0	0	0	0
OW328008.1	0	0	0	0	0	0	0	0	0	0
OW741649.1	0	0	0	0	0	0	0	0	0	0
OX335402.1	0	0	0	0	0	0	0	0	0	0
OX335403.1	0	0	0	0	0	0	0	0	0	0
OX335405.1	0	0	0	0	0	0	0	0	0	0
OX335416.1	0	0	0	0	0	0	0	0	0	0
U01866.1	161	228	515	356	16	942	255	392	231	18
U27241.1	0	0	0	0	0	0	0	6	0	0
U63086.1	0	0	0	0	0	0	0	0	0	0
U82084.1	593	53	1104	0	0	0	2416	41	3693	0
U86698.1	0	0	0	22	0	0	0	0	0	0
V00637.1	0	6	0	0	0	0	0	0	0	0
V00638.1	7	9	0	0	0	5	0	0	0	0
V00639.1	0	0	0	0	0	0	40	0	0	0
V01201.1	0	0	0	0	0	0	0	0	0	0
X00255.1	0	0	0	0	0	0	0	0	0	0
X05349.1	0	0	0	0	0	0	0	0	0	0
X16093.1	0	0	0	0	0	0	0	0	0	0
X55792.1	0	0	0	0	0	0	0	0	0	0
X55793.1	0	0	0	0	0	0	0	0	0	0
X70493.1	0	0	0	0	5187	0	0	0	0	0
X74312.1	0	0	0	0	8	0	0	0	0	0
X86562.1	7	39	52	16	105	12	1693	10	19	0
X87335.1	0	12	0	6	6	0	0	0	0	7
X92588.1	0	0	34	0	0	0	0	0	0	0
X94741.1	0	0	33	0	0	0	0	0	0	0
Z35638.1	16256	2727	28069	10529	163778	402	695	5285	1862	4725
Z48163.2	15926	2157	27826	10810	75928	399	622	3823	1777	4798
