size
7896
7913
11138
11122
9658
60238
3141
9621
149643
9649
7284
229483
13965
8282
8216
8229
18362
9580
46375
836
40751
39732
7886
61670
11279
9689
1004
3620
94800
94481
8249
7904
38297
8751
39043
8458
9033
8849
7884
7721
50625
8027
57930
60942
56480
65510
61765
59866
62706
63369
59872
63253
62274
57034
58538
277334
323944
5978
437
564
1018
2362
4387
3924
27100
13357
13078
22850
30352
43161
24550
33284
16219
32924
6098
38450
39164
40876
40435
62156
34240
30320
40234
34702
39456
5899
31577
21952
21844
10150
32800
17443
13664
46345
41949
19598
40626
25845
52968
12900
26278
25861
54895
31092
43900
18764
9145
52976
17619
20741
11550
34354
48200
12650
21650
21499
43500
21407
21114
277120
13792
22624
18247
58116
27431
19870
18298
30096
37761
14575
40990
36302
17850
31868
34675
40988
38379
40654
161194
19722
26187
14100
32900
12100
49477
43562
14427
22997
12900
39337
16428
52410
26947
43212
12024
39645
20350
38758
13605
41202
46181
27277
17062
33659
36732
6199
22800
39753
42724
30958
38715
23902
40978
12007
11087
37726
21148
33147
18100
33383
38700
42850
33750
21141
18962
43550
22873
54581
14650
32659
14900
15153
9953
27934
44697
178590
39992
22650
18041
31933
40684
18301
18172
22350
9450
28782
14150
13900
24840
32659
9761
51663
28204
21257
42750
26393
18438
16900
44700
49060
13629
28900
2819
30943
20250
31696
18899
18809
37745
37850
20350
41700
8583
48600
15272
35993
17650
6197
38336
9164
38424
11600
9550
9750
41190
36974
36350
17266
20050
211653
39064
33348
68871
21400
35555
8441
80691
13650
33150
12700
448634
42061
37172
32059
27389
18141
11417
47975
35050
20147
44059
223600
35725
38540
43864
40428
35247
92439
37616
20851
41556
23147
54344
13400
13033
31234
35234
6051
64136
22498
43658
45323
43446
19846
74611
32973
19232
24963
12405
50078
29250
33372
25950
37787
40660
40300
11900
28584
16328
29800
34477
35322
18892
15800
13416
34332
36450
38350
19867
28483
27050
39310
31342
59500
39146
33640
17441
24090
49260
42050
17212
51850
38300
42149
42600
14600
48449
22351
11600
92205
56623
116731
32400
2263
7312
34900
17848
20313
26879
13678
14992
39135
39993
11684
10507
35022
24377
17123
34733
52661
7461
21276
11070
40965
13800
38800
43238
36418
17600
40945
38982
44150
27050
19757
39775
18357
9392
23000
49075
51928
38782
42050
19678
180900
46989
26036
16808
19720
15247
34550
12993
40796
38467
33308
29737
38377
52637
51580
20783
29537
22131
44205
39975
9200
29591
11861
10937
33768
44225
29982
37103
15890
40024
39394
36871
85304
18660
18000
15488
26989
12075
22479
42055
16625
28630
20920
16650
33945
15217
28224
18726
36779
46392
41558
37547
38629
56150
18356
37956
30324
43650
12541
33475
28620
13711
25599
12618
32055
31718
8200
25884
252195
40207
46701
23083
31521
109272
119621
109627
109627
268
198780
198780
268
230
1054
1096
630
625
757
1206
1206
1206
1206
1206
4251
183
110194
99167
123319
35842
7593
63395
8801
54896
62147
537
165101
238311
7358
243724
8254
3792
228624
927
240
36661
57677
9082
1199
48502
1287
2816
40128
39646
151909
152011
7314
39646
24084
896
832
854
896
41468
40710
39026
38964
40155
47090
41528
38759
41567
37595
39578
44120
47288
230059
22863
158099
29451
29453
29512
1326
4577
1333
156885
9804
43301
217406
120534
141651
47343
5035
7912
7910
7904
7904
7904
7904
7908
232948
233028
105375
2492
2599
2224
7924
8046
6969
7091
159914
156864
7091
7088
7088
29412
29454
29394
29327
38742
61137
5269
1399
888
1090
1566
7875
784
156714
2274
62708
62708
62708
61388
62708
62708
64021
62708
62708
64021
62708
62708
65334
1305
1357
8606
1575
7773
151677
152171
152003
152166
152277
151930
152175
152196
151944
152159
151973
151718
152123
152226
152061
152239
152248
152237
152207
152147
152206
152078
152158
152233
151912
29237
65760
41338
185033
185034
456
458
414
457
455
10126
133636
62535
62331
118582
138991
8109
42418
42850
42154
40443
42428
42126
42134
169611
158442
152313
152258
152204
152255
152195
152267
152223
152163
152227
152244
28946
157167
58722
50534
163005
238686
159744
136141
47739
51738
11155
29533
368
2239
149072
25488
24274
9864
2517
2337
45811
136569
2706
65389
65382
66751
66701
67740
66659
65395
67931
66711
66707
65391
65397
65396
65422
66664
66613
65392
66663
66711
66705
66703
65394
65397
67541
67978
65394
65397
65393
65413
68032
66707
66709
65443
66710
66582
66718
65392
65400
65396
65394
65392
65398
65392
54011
64967
57335
61198
61247
52371
51055
51056
51054
51055
51055
50991
51061
51047
51057
60591
64232
65600
64958
66479
62966
1175
50414
49924
50413
51735
50243
92886
51876
51392
51868
51696
51723
50250
52602
54143
54180
53979
54006
93555
55466
55304
55498
55610
54098
54217
54147
64335
60207
48503
300002
294144
360489
359647
292272
341283
331684
347493
276272
53925
51464
36886
54629
54492
54500
54651
54043
55817
55851
55862
53951
55870
55861
56004
57118
38594
46702
49207
48141
46701
37126
42927
45865
46710
46704
46680
47678
46770
46723
11067
38449
40532
40606
40210
57384
28087
28083
28074
28198
28076
28085
158883
165987
167896
167213
165774
222058
770
8407
7825
7829
324
411
7842
134226
7835
449
450
626
8196
1490
210
438
948
108099
108054
108051
107797
3120
107054
12310
107035
8199
41559
57508
41981
233762
227536
228431
227688
226537
233624
107444
19254
44708
29451
158310
159196
159928
151620
158333
152788
149779
88114
852
29491
29135
29137
104894
5116
1078
7586
7550
93641
151933
147898
1739
126505
1833
170547
173264
172128
170187
169864
77664
148774
158885
38829
155415
154674
155235
153673
270609
15675
6301
1884
4947
1855
9529
44552
5673
24804
1887
25867
10442
1076
447
6016
1618
60118
57025
63032
84199
231126
39643
48230
51967
2267
59064
154483
33731
228601
1642
351
180305
243962
152245
152288
152298
15433
49639
44616
698
726
724
506
233997
10711
31080
34443
35918
37318
39601
167485
157580
29465
1359
28800
11504
7989
5102
87225
9938
233833
232314
342
7021
227654
8166
47543
5702
144315
9499
13714
143859
230823
234050
233826
5229
146022
1236
3939
50953
61072
1545
7870
2241
154695
381001
41850
254490
39195
15663
39436
39390
147057
239344
198778
161277
160272
11186
48361
2162
3570
2277
2277
2274
2341
2277
2277
29627
29535
5052
2371
10921
10846
7406
1565
1565
11258
1366
3051
103248
29547
143254
44880
2143
93703
38252
161277
656
86388
245041
368
264
655
6100
3418
11063
40965
1816783
231587
235770
1831
7456
7338
4209
3253
3334
164663
6520
109952
158235
962
45159
60942
61670
48502
8359
7835
134226
159378
46375
40751
39732
38297
37074
57930
59866
62706
32684
39043
94800
3141
47021
40863
9628
63395
54896
62147
36661
40128
927
29214
358663
44784
39646
38759
37595
41567
40710
47288
39026
39578
44510
41528
44120
47090
40155
41468
38964
41475
2473870
29443
159991
39758
43301
159914
29421
38389
158099
29327
29454
29412
38742
57677
41338
29237
141298
42418
29338
29249
103445
40443
163005
166748
158250
31200
50298
61292
159323
154938
42925
115154
137452
140906
35842
33540
159631
157281
156801
69844
70774
39179
33041
37583
31342
32118
32150
31128
39642
34141
39086
33839
31834
157741
160795
61564
58371
57123
62822
56224
64900
61580
40469
58326
57198
57248
55023
57849
49168
46703
50126
46685
46288
41969
48763
47224
47142
45560
101660
80732
91159
154158
31809
32336
31096
259771
31564
33349
33562
32541
31490
31962
42318
229813
29842
2966
11764
12086
181927
720
152382
47993
47075
42931
29780
29816
3566
21387
29849
922
48577
29754
46148
47326
43452
31345
49197
49662
49277
31622
48634
31347
48850
166467
2625
34795
11859
159658
99605
35456
45393
29827
231682
29847
32314
31809
29822
30272
157384
42743
38458
21284
36681
43469
20387
21467
20345
42739
45921
38680
44992
32923
43142
55739
19865
37380
33684
32497
22017
35056
20098
46068
34824
46651
23396
53425
38709
37802
14852
40475
38938
46650
33671
27112
19875
85646
86754
85956
85761
29852
29648
42946
1669
151177
34391
32924
31730
39598
45887
26563
23690
56309
35291
103187
19781
39860
38356
118778
96939
39334
98145
95365
33805
35791
27641
34616
109891
103896
108933
30111
67012
47704
33400
27092
35713
34071
33586
43717
88362
44850
1482
6153
107139
41569
41356
61291
19257
98812
46647
140075
139874
29160
30078
30035
30072
29902
58588
30390
30090
8911
8841
30221
30090
30117
30308
30109
30333
30106
30562
30121
29646
30100
30003
30444
30423
30559
30053
30094
30243
30525
30101
30102
30094
30057
30105
30255
38682
46360
50143
108379
29867
29853
29890
29841
156221
160505
157059
159143
8359
2137
4055
3068
3308
659
3400
1561
5779
2025
1084
3500
326
701
437
7861
445
7820
2322
3036
3164
14529
