	A2	A3	A4	A5	A6	B1	B2	B3	B4	B5	B6	C1	C2	C3	C4	C5	C6	D2	D3	D4	D5	D6
AB008196.1	342	195	189	119	13	234	8317	421	30	233	0	0	0	0	0	0	0	0	0	0	0	0
AB008197.1	302	249	291	147	10	214	1610	359	33	205	5655	0	13	0	20	29	0	131	73	529	315	37
AB047209.1	0	95	0	0	0	0	0	0	0	0	0	0	0	0	0	0	0	0	16	0	0	0
AB047240.1	0	0	0	0	5	0	0	0	0	0	0	0	0	0	0	0	0	0	0	0	0	14
AB119282.1	1584	2097	1183	96	9	1807	1532	986	24	42510	21	0	71	0	646	161	0	3772	3892	43230	9886	54578
AB255436.1	0	0	0	0	0	0	0	0	0	0	6	0	0	0	0	0	0	0	0	0	0	0
AB289986.1	0	0	0	0	8	0	0	0	0	0	5	0	0	0	0	0	0	0	0	0	0	0
AB435162.2	0	0	0	0	0	0	7	0	0	0	0	0	0	0	0	0	0	0	0	0	0	0
AB618031.1	0	0	0	0	0	0	0	0	0	0	0	0	0	0	0	5	0	0	373	0	0	10927
AB792683.1	0	0	0	0	0	0	7	0	0	0	0	0	0	0	0	0	0	0	0	0	0	0
AB972431.1	0	0	0	0	0	0	0	0	5	0	0	0	0	0	0	0	0	0	13	0	0	0
AC146851.1	0	0	1225	0	0	0	32	0	0	0	0	0	0	0	6	0	0	137881	24	93720	7806	89332
AF015298.1	0	0	0	0	27	0	0	0	0	0	0	0	0	0	0	0	0	0	0	0	0	2026
AF016316.1	934	275	347	220	19	276	11011	479	26	251	5418	0	67	0	18	41	0	204	222	440	371	25
AF028231.1	876	214	334	225	22	242	11089	469	24	226	5449	0	51	0	21	47	0	209	212	516	385	28
AF028232.1	846	247	340	210	28	251	11044	476	23	236	5535	0	52	0	20	41	0	205	240	494	374	23
AF034975.3	0	0	0	0	0	0	0	0	0	0	23	0	0	0	0	0	0	0	0	0	0	0
AF054250.1	0	0	0	0	10	10	9	0	0	0	6	0	0	0	0	0	0	0	0	10	0	0
AF064539.1	0	0	0	0	0	0	0	0	0	0	0	33	0	0	0	0	0	0	0	0	0	0
AF065756.1	0	0	44	0	0	0	0	0	0	0	0	0	0	0	0	0	0	0	0	0	0	0
AF069308.1	0	0	0	0	0	0	0	0	0	0	23	0	0	0	0	0	0	0	0	0	0	0
AF069529.1	0	0	0	0	0	0	0	0	0	0	20	0	0	0	0	0	0	0	0	0	0	0
AF125376.2	0	91	69	0	0	0	2097	0	0	0	0	0	0	0	0	0	0	238	0	0	965	0
AF125520.1	0	0	0	0	0	0	0	0	0	0	29	0	0	0	0	0	0	0	0	0	0	0
AF151091.1	0	0	0	0	0	0	5	0	0	0	0	0	0	0	0	0	0	0	0	0	0	0
AF151674.1	0	0	0	0	0	0	0	0	245	0	0	0	0	0	0	0	0	16	0	0	0	0
AF177208.1	0	0	0	72	0	0	0	0	0	0	0	0	0	0	0	0	0	0	0	0	0	0
AF191073.1	8	0	39	92	101	9	0	93	18	0	39	0	0	13	0	0	0	5	335	0	12	0
AF234172.1	7047	107	181	0	24	55	3033	89	211	863	7	0	0	0	12	0	0	147	31	25	5187	155
AF234173.1	7016	108	177	0	27	86	2908	76	210	796	9	0	0	0	12	5	0	129	34	35	4976	166
AF247394.1	719	619	745	466	90	385	4993	851	53	613	10121	0	48	5	22	81	0	430	107	1042	1373	90
AF293961.1	0	0	0	0	6	0	0	0	0	0	0	0	0	0	0	0	0	0	0	0	0	0
AF335538.1	0	0	0	0	0	0	0	0	0	0	9	0	0	0	0	0	0	0	0	0	0	0
AF435966.1	0	0	8	0	0	0	0	0	0	0	0	0	0	0	0	0	0	0	0	0	0	0
AF547987.1	0	0	0	0	0	0	0	0	0	0	30	0	0	0	55	0	15	1468	0	0	0	0
AH002364.2	0	0	0	7	0	0	7	0	0	0	0	0	0	0	0	0	0	0	0	0	0	0
AJ000741.1	22	21	0	0	0	0	7	58	217	0	7	0	0	0	0	0	0	0	0	21	0	8
AJ133817.1	0	0	5	0	0	0	0	0	0	0	0	0	0	0	0	0	0	0	0	0	0	0
AJ289710.2	0	0	0	0	9	8	0	0	0	0	0	0	0	0	0	0	0	5	15	6	0	0
AJ289711.1	0	0	0	0	0	0	46	0	0	0	0	0	0	0	0	0	0	0	0	12	0	0
AJ304858.2	2468	458	2439	8708	127	936	1913	690	216	408	491	0	71	46	253	96	39	1841	4867	277	0	472
AJ428955.1	423	1245	402	20	0	510	617	668	6	13449	24	0	43	0	125	148	0	2123	2741	23608	2721	19596
AJ556162.1	0	0	0	0	0	0	0	0	0	0	35	0	0	0	0	0	0	0	0	0	0	0
AP000363.1	0	0	0	0	0	0	0	0	0	0	41	0	0	0	0	0	0	0	0	0	0	0
AP000400.1	85	5823	0	0	0	0	0	0	0	0	0	0	0	0	14	0	0	11	1036	130	0	66
AP000422.1	2266	0	0	0	0	6	0	0	0	0	36	0	0	0	9	0	0	0	0	0	0	0
AP004402.1	0	0	0	0	0	0	0	0	0	0	38	0	0	0	0	0	0	0	0	0	0	0
AP005153.1	0	0	0	0	0	0	0	0	0	0	36	0	0	0	0	0	0	0	0	0	0	0
AP005154.1	0	0	0	0	0	0	0	0	0	0	29	0	0	0	0	0	0	0	0	0	0	0
AP012529.1	0	0	0	0	0	0	0	0	0	0	26	0	0	0	0	0	0	0	0	0	0	0
AP012530.1	0	0	0	0	0	0	0	0	0	0	27	0	0	0	0	0	0	0	0	0	0	0
AP012531.1	0	0	0	0	0	0	0	0	0	0	30	0	0	0	0	0	0	0	0	0	0	0
AP012533.1	0	0	0	0	0	6	0	0	0	0	30	0	0	0	0	0	0	0	6	0	0	6
AP012536.1	0	1140	8	1257	0	132	5	1158	0	0	4094	0	0	0	20	0	0	491	0	146	0	0
AP012538.1	0	0	0	0	0	0	0	0	0	0	33	0	0	0	0	0	0	0	0	0	0	0
AP027152.1	0	0	5	6	66	85	14	0	0	0	17	0	0	0	0	0	0	0	6	13	0	16
AP027202.1	0	0	0	0	48	22	0	0	0	0	0	0	0	0	0	0	0	0	0	0	0	0
AY009092.1	0	0	0	0	0	0	0	0	0	0	0	0	0	0	0	0	0	0	0	5	0	0
AY009877.1	0	0	0	0	0	0	0	1086	0	0	0	0	0	0	0	0	0	0	0	0	0	0
AY034063.1	0	0	0	0	0	0	0	0	0	0	0	0	0	0	0	0	0	0	0	0	0	7
AY117145.1	0	0	0	0	0	0	0	0	0	0	0	0	0	10	0	0	0	0	0	0	0	0
AY639599.1	0	0	0	0	0	0	0	0	0	0	355	0	0	0	0	17	0	0	0	0	0	0
BK013632.1	148	640	196	1205	11	283	270	626	374	661	1904	0	19	0	222	60	0	640	117	0	0	0
BK014080.1	104	0	11	0	0	13	0	16	0	63	18	0	0	0	0	0	0	17	14	0	0	0
BK014639.1	0	0	0	0	0	0	0	0	0	0	0	0	9	0	0	0	0	0	0	0	0	0
BK014740.1	0	792	0	18	0	0	0	0	0	0	0	0	0	0	0	0	0	0	0	9	0	0
BK014747.1	0	0	0	0	0	0	0	0	0	0	16	0	0	0	0	0	0	0	5	0	0	0
BK015045.1	372	0	0	0	0	0	0	0	0	0	0	0	0	0	0	0	0	0	0	0	0	5
BK015116.1	9	0	0	0	0	0	11	0	0	0	0	0	0	0	0	0	0	5	19	0	0	6
BK015142.1	0	0	0	0	0	348	0	0	0	0	25	0	0	0	0	0	0	0	0	0	0	0
BK015265.1	0	0	0	0	0	214	0	0	0	0	0	0	0	0	0	0	0	0	0	0	0	0
BK015304.1	0	0	0	0	0	0	0	0	344	0	0	0	0	0	0	0	0	0	0	0	0	0
BK015553.1	0	0	0	0	0	0	12	0	0	0	0	0	0	0	0	0	0	0	0	0	0	18
BK015676.1	0	0	0	0	0	0	163	0	0	0	0	0	0	0	0	0	0	0	0	0	0	0
BK015737.1	0	0	0	0	0	0	0	25	0	0	0	0	0	0	0	0	0	0	0	0	0	0
BK016179.1	74	79	164	140	20	90	99	115	33	147	328	0	24	0	7	11	0	209	140	8	0	0
BK016186.1	13	0	0	0	0	0	0	0	0	0	0	0	0	0	0	0	0	0	0	0	0	0
BK016367.1	0	0	0	0	0	0	0	0	0	0	19	0	0	0	0	0	0	0	0	0	0	0
BK016532.1	0	0	0	0	0	0	0	0	0	0	0	0	0	0	0	0	0	0	0	0	98	0
BK016672.1	0	0	10	0	153	93	0	0	0	90	27	0	0	0	0	0	0	0	0	0	0	8
BK016726.1	0	0	0	0	0	0	0	0	0	0	0	0	0	0	6	0	0	0	0	0	0	0
BK016886.1	0	0	0	0	0	13	0	0	0	0	0	0	0	0	0	0	0	0	0	0	0	0
BK016989.1	0	0	0	0	0	0	0	0	0	0	24	0	0	0	0	0	0	0	0	0	0	0
BK017076.1	0	0	0	0	0	0	0	0	0	0	0	0	0	0	0	0	0	0	470	0	0	0
BK017086.1	0	0	0	0	0	0	0	0	0	0	10	0	0	0	0	0	0	0	0	0	0	0
BK017229.1	0	0	0	0	0	0	0	7	0	0	0	0	0	0	0	0	0	0	0	0	0	0
BK017256.1	0	0	0	0	0	961	0	0	0	0	0	0	0	0	0	0	0	0	0	0	0	0
BK017308.1	0	0	0	0	0	0	0	0	0	0	0	0	0	0	0	0	0	0	0	0	0	12
BK017336.1	0	0	0	0	0	0	0	0	0	0	0	0	0	0	0	0	0	0	0	192	0	0
BK017410.1	0	0	0	0	0	0	0	0	0	0	0	0	0	0	0	57	0	0	0	0	0	0
BK017469.1	0	0	0	0	0	289	0	0	0	0	0	0	0	0	0	0	0	0	0	0	0	0
BK017492.1	0	0	0	0	0	0	0	0	0	0	0	0	0	0	0	0	0	0	0	49	0	0
BK017516.1	0	0	0	7	0	0	0	0	0	24	0	0	0	0	25	0	0	0	12	0	0	0
BK017775.1	0	0	0	0	0	11	0	0	15	0	0	0	12	0	0	0	0	0	0	5	0	0
BK017909.1	0	0	0	0	0	0	0	0	0	0	0	0	0	0	0	0	0	0	0	0	0	368
BK017949.1	21	42	86	0	0	79	2282	62	196	7	5	0	0	0	0	0	0	213	0	68	78	0
BK017986.1	0	0	0	0	0	0	0	0	0	0	0	0	0	0	0	0	0	0	0	0	144519	0
BK018015.1	0	0	0	0	0	0	0	0	0	0	0	0	0	14	0	0	0	0	0	0	0	0
BK018064.1	8	77	0	63	0	0	1120	5	0	0	0	0	0	0	20	0	0	0	0	182	49	0
BK018067.1	32773	0	0	10	0	804	0	0	0	221	16932	0	14	0	0	0	6	0	70630	5	0	139
BK018096.1	0	0	0	0	0	934	0	0	19	0	0	0	0	0	0	0	0	0	0	0	0	0
BK018465.1	13	0	0	0	0	0	0	0	0	0	0	0	0	0	0	0	0	0	0	0	0	0
BK018556.1	0	0	0	15710	38	0	0	0	0	0	0	0	0	0	0	0	0	0	17172	0	0	41
BK018581.1	0	0	0	0	0	0	0	0	0	0	0	0	0	0	0	0	9	0	0	0	0	0
BK018765.1	0	0	0	0	0	0	6	0	0	0	0	0	0	0	0	0	0	0	0	0	0	0
BK019035.1	0	0	0	0	0	0	0	0	0	0	34	0	0	0	0	0	0	0	0	0	0	0
BK019214.1	0	0	0	0	0	451	0	0	0	0	0	0	0	0	0	0	0	0	0	0	0	0
BK019320.1	0	0	0	0	0	0	0	0	0	0	0	0	0	0	0	0	0	0	0	0	8	0
BK019347.1	0	0	0	0	0	0	0	0	0	0	27	0	0	0	0	0	0	0	0	0	228	0
BK019350.1	0	0	0	0	0	0	0	0	18	0	0	0	0	0	0	0	0	0	0	0	0	0
BK019935.1	0	0	0	0	0	0	11	473	0	0	0	0	0	0	13	0	0	0	0	0	0	0
BK019941.1	8	0	0	0	0	0	0	0	0	0	0	0	0	0	0	0	0	0	0	0	0	0
BK020014.1	0	0	0	0	0	0	0	0	0	0	0	0	0	0	0	0	0	0	0	55	0	0
BK020042.1	0	0	0	0	0	0	0	5	0	0	0	0	0	0	0	0	0	0	0	0	0	0
BK020079.1	0	20	0	0	0	0	0	0	0	0	0	0	0	0	0	0	0	0	0	0	0	0
BK020125.1	0	0	0	37	0	1088	2252	0	0	0	5	0	0	0	0	0	7	86	8	0	0	0
BK020231.1	0	0	0	0	0	0	195	0	0	0	0	0	0	0	0	0	15	0	0	0	0	14
BK020368.1	0	0	0	0	0	0	0	0	0	0	25	0	0	0	0	0	0	0	0	0	0	0
BK020505.1	0	0	0	0	0	6	0	0	0	0	0	0	0	0	0	0	0	0	0	0	0	0
BK020518.1	1368	17	6	817	181	35	9266	1236	5	0	32	43	19	0	0	55	0	433	5	84	26658	148
BK020557.1	0	0	2657	0	0	0	6	0	0	22	0	0	0	0	0	23	0	0	0	0	0	0
BK020589.1	0	0	0	0	0	0	0	0	0	0	0	0	0	0	0	6	0	0	0	0	0	0
BK020656.1	0	0	0	0	0	0	0	0	0	0	33	0	0	0	0	0	0	0	0	0	0	0
BK020724.1	0	0	0	0	0	0	0	0	0	0	0	0	0	0	0	0	0	0	0	20	0	0
BK020813.1	0	0	0	0	0	0	0	0	0	0	0	0	0	0	0	7	0	0	0	0	0	0
BK020987.1	0	0	0	0	0	0	0	0	0	0	0	0	0	7	5	0	0	0	0	0	0	0
BK021105.1	0	0	0	0	0	49	0	0	0	0	0	0	0	0	0	0	0	0	0	0	0	0
BK021172.1	0	0	0	0	0	0	0	0	0	0	0	0	0	0	0	0	0	0	9	0	0	0
BK021329.1	2003	368	2342	882	200	987	1822	664	239	373	356	0	86	6	157	94	43	1708	4530	0	0	519
BK021430.1	0	0	0	39	0	0	0	0	0	0	0	0	0	0	0	0	0	0	0	0	0	0
BK021460.1	0	0	0	0	0	0	0	0	0	0	0	0	0	0	0	0	0	0	0	0	108	0
BK021514.1	3215	0	0	0	0	2586	0	0	0	0	0	0	13	0	0	0	0	0	0	0	0	0
BK021582.1	0	0	0	0	0	0	0	0	0	0	81	0	0	0	0	0	0	0	0	48771	0	0
BK021599.1	0	0	170	0	0	0	0	0	12	16	0	0	0	0	15	0	0	26	0	0	0	0
BK021648.1	0	0	0	0	0	0	0	0	0	0	0	0	0	14	0	0	0	0	0	0	18	0
BK021709.1	0	0	0	0	0	458	0	0	22	0	7	0	0	0	0	0	0	6	0	0	0	0
BK021735.1	0	0	0	0	0	0	0	0	0	0	28	0	0	0	0	0	0	0	0	0	0	0
BK021797.1	0	0	0	0	0	0	0	0	0	0	31	0	0	0	0	0	0	0	0	0	0	0
BK021831.1	0	0	0	0	0	0	0	0	0	0	0	0	0	0	0	0	0	0	0	0	41	0
BK021887.1	0	25	0	0	0	0	0	0	0	0	0	0	0	0	0	0	0	0	0	0	0	0
BK021981.1	0	0	0	0	0	0	0	0	0	0	0	0	0	0	0	0	0	6	0	0	0	0
BK022026.1	0	0	0	0	0	347	0	0	25	0	0	0	0	0	0	0	0	0	0	0	0	0
BK022029.1	0	0	5	0	0	6	0	53	0	0	0	0	0	0	0	0	0	33	0	0	0	6
BK022073.1	0	0	0	0	0	6	0	0	0	0	0	0	0	0	0	0	0	0	0	0	0	0
BK022098.1	0	0	0	0	0	13236	0	0	0	0	0	0	0	0	0	0	0	0	0	0	31	0
BK022108.1	0	0	0	0	0	0	0	0	0	0	0	0	0	0	0	0	0	0	0	0	0	300
BK022217.1	0	35	0	0	0	0	12	0	0	21	0	0	0	0	13	0	0	0	0	14	0	0
BK022235.1	0	0	0	8	0	0	0	0	0	0	0	0	0	0	0	0	0	0	0	0	0	0
BK022236.1	0	0	63	0	0	0	212	0	20	0	8399	0	180	0	0	587	0	201	0	0	149	0
BK022729.1	0	0	0	0	0	0	0	0	0	0	0	0	0	0	0	0	0	0	0	48	0	0
BK022913.1	0	0	0	0	0	0	48	0	0	0	0	0	0	0	0	0	0	0	0	0	0	0
BK023087.1	0	0	0	0	0	0	0	0	0	0	0	0	0	0	0	0	0	0	0	101	0	0
BK023445.1	0	0	0	0	0	0	0	0	0	0	0	0	0	0	5	0	0	0	0	0	0	0
BK023562.1	0	0	0	0	0	0	0	0	0	0	0	0	0	0	0	0	0	0	0	0	13	0
BK023639.1	33329	0	0	17	0	835	30	0	0	260	17199	0	11	0	0	0	6	0	74001	5	0	172
BK023667.1	0	0	0	0	0	0	0	0	0	0	8	0	0	0	0	0	0	0	0	0	0	0
BK023718.1	0	0	0	0	0	0	0	0	0	0	0	0	0	0	0	0	0	0	0	0	0	27
BK023754.1	0	343	0	0	0	373	0	0	0	0	51	0	0	0	0	0	0	15	0	9	0	0
BK023794.1	0	0	0	0	0	0	0	0	0	0	17	0	0	0	0	0	0	0	0	0	0	0
BK023998.1	0	0	0	0	0	0	0	0	0	0	0	0	0	0	0	0	0	57	0	0	0	0
BK024015.1	0	0	0	0	0	0	0	0	0	0	0	0	0	0	0	0	0	0	0	12	0	0
BK024041.1	40	8	1049	0	0	5554	249	0	7	3929	4179	0	69	0	0	5	8	0	0	1460	523	0
BK024104.1	0	0	0	0	0	0	0	5	0	0	0	0	0	0	0	0	0	0	0	0	0	0
BK024187.1	0	0	0	0	0	0	0	0	31	0	0	0	0	0	0	0	0	0	0	0	0	0
BK024220.1	0	0	0	0	0	0	0	0	36	0	0	0	0	0	0	0	0	0	0	0	0	0
BK024402.1	0	0	0	0	0	0	0	59	0	0	0	0	0	0	0	0	0	0	0	0	0	0
BK024405.1	0	0	0	0	0	0	0	0	0	0	0	0	0	0	0	0	10	0	0	0	0	0
BK024471.1	0	0	0	0	0	0	0	0	0	0	26	0	0	0	0	0	0	0	0	0	0	0
BK024473.1	0	0	0	0	0	0	0	0	0	0	26	0	0	0	0	0	0	0	0	0	0	0
BK024517.1	0	0	0	0	0	0	0	0	0	0	27	0	0	0	0	0	0	0	0	0	0	0
BK024532.1	0	0	0	0	0	0	0	0	0	0	30	0	0	0	0	0	0	0	0	0	0	0
BK024603.1	0	0	0	0	0	917	0	0	0	0	0	0	0	0	0	0	0	0	0	0	0	0
BK024721.1	0	0	0	0	0	0	0	0	0	0	31	0	0	0	0	0	0	0	0	0	0	0
BK024730.1	0	0	0	0	0	0	0	0	0	0	0	0	0	0	0	6	0	0	0	0	0	0
BK024780.1	0	0	0	0	0	17	0	0	0	0	0	0	0	0	0	0	0	0	0	0	0	0
BK024793.1	0	0	0	17	0	29	0	0	0	0	0	0	16	0	0	0	0	0	0	0	0	0
BK024975.1	6	0	0	0	0	0	0	0	0	0	0	0	0	0	0	0	0	0	0	0	0	0
BK025057.1	0	0	0	0	0	0	0	0	0	0	35	0	0	0	0	0	0	0	0	0	0	0
BK025075.1	0	0	0	0	107	0	0	0	0	0	0	0	0	0	0	0	0	0	0	0	0	0
BK025097.1	0	0	0	0	0	5	0	0	0	0	0	0	0	0	0	0	0	0	0	0	0	0
BK025114.1	0	0	0	0	84	0	0	17	0	0	0	0	0	0	0	36	0	0	0	0	0	0
BK025241.1	0	0	0	0	0	83	0	0	0	0	24	0	0	0	0	0	0	0	0	0	0	0
BK025245.1	0	0	0	0	0	0	0	0	0	0	0	0	0	0	0	0	0	0	0	0	101	0
BK025294.1	0	0	0	0	0	345	0	0	0	0	0	0	0	0	0	0	0	0	0	0	0	0
BK025314.1	0	0	0	0	0	11	16	0	0	0	0	0	0	0	0	0	0	0	0	0	0	8
BK025387.1	0	0	5	0	0	24	5	789	0	0	10	0	0	0	0	1299	0	0	0	7	0	0
BK025390.1	1993	382	2399	889	109	953	1769	660	200	412	357	0	9	5	156	77	39	1662	4703	0	0	536
BK025398.1	0	0	0	0	0	0	0	0	0	0	0	0	0	0	0	0	0	5	0	0	0	0
BK025521.1	6	11	0	0	0	0	0	0	0	0	0	0	0	0	0	0	0	20	0	0	8	0
BK025589.1	0	0	0	0	0	30	0	0	0	0	0	0	0	0	0	0	0	0	0	0	92	1099
BK025646.1	0	0	0	0	0	928	0	0	14	0	0	0	0	0	0	0	0	0	0	0	0	0
BK025711.1	0	15	0	0	0	0	0	0	0	0	0	0	0	0	0	0	0	0	0	0	0	0
BK025756.1	0	0	0	0	0	0	0	0	0	0	0	0	0	0	0	0	0	0	0	0	240	0
BK025790.1	33173	0	0	27	0	772	44	0	0	269	9222	0	12	0	0	0	0	0	58764	0	0	428
BK025854.1	0	0	0	0	0	0	0	0	26	0	0	0	0	0	0	0	0	0	0	0	0	0
BK026037.1	5	0	0	0	0	0	0	0	0	0	0	0	0	0	0	0	0	0	0	0	0	0
BK026099.1	0	0	0	0	0	0	0	0	0	0	25	0	0	0	0	0	0	0	0	0	0	0
BK026155.1	342	0	0	0	0	0	0	0	0	0	0	0	0	0	0	0	0	0	0	0	0	0
BK026174.1	0	0	0	0	0	0	0	0	0	0	24	0	0	0	0	0	0	0	0	0	0	0
BK026183.1	0	0	0	0	0	0	0	0	0	0	0	0	0	0	0	0	0	0	0	14	0	0
BK026264.1	0	0	0	0	0	7	0	0	0	0	0	0	0	0	0	0	0	21	0	0	0	0
BK026330.1	0	0	0	0	0	10	0	0	0	0	0	0	0	0	0	0	0	0	0	0	0	0
BK026333.1	0	14	28	0	0	0	0	0	0	0	0	0	0	0	0	0	0	0	0	0	0	0
BK026339.1	77	0	0	0	0	0	0	0	0	0	0	0	0	0	0	0	0	0	0	0	0	0
BK026389.1	2059	416	2461	884	94	954	1898	676	216	404	344	0	12	0	176	79	51	1823	4553	0	0	524
BK026402.1	6	27	0	11	0	13	6	10	0	5	0	0	0	0	11	0	0	41	100	7	0	0
BK026468.1	0	0	0	0	0	0	0	0	0	0	0	0	0	0	0	0	0	0	0	0	0	7
BK026754.1	0	0	0	0	0	0	12	0	97	0	0	0	0	0	5	0	0	6	0	8	0	63
BK026758.1	0	0	0	0	0	0	0	0	0	0	0	0	0	0	0	0	0	0	0	0	0	398
BK026779.1	0	0	0	0	0	0	0	0	0	0	0	0	16843	0	0	0	0	0	0	0	0	0
BK027115.1	0	0	0	0	0	0	0	0	0	0	0	0	0	0	0	20	0	0	0	0	0	0
BK027129.1	9	149	0	821	0	0	1138	0	0	0	0	0	0	0	35	0	0	40	0	164	9	0
BK027170.1	0	0	0	0	0	0	0	0	0	0	0	0	0	0	0	0	0	0	0	0	5289	0
BK027183.1	11	28	17	5	0	0	25	0	0	0	0	0	0	0	0	0	0	0	0	252	0	0
BK027300.1	0	0	0	0	0	6	0	53	0	0	0	0	0	0	0	0	0	34	0	0	0	0
BK027335.1	0	0	0	0	0	0	0	0	0	18	0	0	0	0	0	0	0	0	0	0	0	0
BK027566.1	0	0	0	0	0	0	0	0	28	0	0	0	0	0	0	0	0	0	0	0	0	0
BK027712.1	0	0	0	0	0	0	0	0	0	0	0	0	0	0	0	0	0	0	0	0	52	0
BK027834.1	0	0	10	0	0	0	0	583	0	0	0	0	0	0	0	226	0	0	0	5	0	0
BK027911.1	5	0	0	0	0	0	0	0	0	0	0	0	0	0	0	0	0	0	0	0	0	0
BK027926.1	0	0	0	19	0	0	0	0	0	0	0	0	0	0	0	0	0	0	0	0	0	0
BK027994.1	0	0	0	0	0	942	0	0	13	0	0	0	0	0	0	0	0	0	0	0	0	0
BK028029.1	0	0	0	25	0	0	0	0	0	0	0	0	0	0	0	0	0	0	0	0	0	0
BK028150.1	0	0	0	0	0	0	0	0	0	0	0	0	0	0	0	0	0	0	0	0	10	0
BK028189.1	48	0	0	0	0	0	0	0	0	0	0	0	0	0	0	0	0	0	0	0	0	0
BK028253.1	0	0	0	0	0	5	0	0	0	0	0	0	0	0	0	0	15	0	0	0	0	0
BK028311.1	0	13	0	0	0	0	0	0	0	0	0	0	0	0	0	0	0	0	0	0	0	0
BK028506.1	0	0	0	0	0	0	0	0	0	0	0	0	0	0	0	0	0	0	0	286	0	0
BK028605.1	0	0	0	0	0	44	0	0	0	0	6	0	0	0	0	0	0	0	47	0	0	21
BK028739.1	0	0	0	0	0	0	0	0	0	0	0	0	0	0	18	0	0	0	0	0	0	0
BK028787.1	29	0	0	0	0	0	0	0	0	0	0	0	0	0	0	0	0	0	0	0	14	0
BK028944.1	0	0	0	0	0	934	0	0	0	0	28	0	0	0	0	0	0	0	0	0	0	0
BK028990.1	0	31	0	0	0	0	0	0	0	22	0	0	0	0	0	0	11	0	33	653	0	0
BK029042.1	0	0	0	0	0	948	0	0	12	0	0	0	0	0	0	0	0	0	0	0	0	0
BK029089.1	0	0	0	0	0	0	0	195	0	0	0	0	0	0	0	0	0	8	0	0	0	0
BK029152.1	0	0	0	0	0	0	0	0	0	0	43	0	0	0	0	0	0	0	0	0	0	0
BK029168.1	0	0	0	0	0	0	0	0	0	0	0	0	0	0	0	0	0	0	0	0	421	0
BK029254.1	0	0	0	0	0	0	0	53	0	0	0	0	0	0	0	0	0	0	0	0	0	0
BK029298.1	0	0	0	0	0	0	0	0	0	11	0	0	0	0	0	0	0	0	0	0	0	0
BK029338.1	0	0	0	0	0	0	0	0	0	0	0	0	0	0	0	0	0	0	388	0	0	0
BK029440.1	0	0	0	0	0	0	0	0	0	0	0	0	0	0	0	0	0	0	0	8	0	0
BK029458.1	396	0	0	0	0	29	0	0	0	0	18	0	0	0	0	0	0	1476	0	0	0	0
BK029773.1	0	31	13192	0	0	0	0	33	0	0	0	0	0	0	0	0	0	0	0	7	0	89863
BK029867.1	0	0	8	0	0	0	0	51	0	0	0	0	0	0	0	0	0	25	0	0	0	5
BK029904.1	0	0	57	0	0	0	319	0	0	1358	0	0	0	0	0	0	0	0	0	0	394	0
BK030130.1	0	0	0	0	0	0	0	0	0	0	1258	0	0	0	0	0	0	0	0	0	0	0
BK030387.1	0	0	0	0	0	0	0	0	0	0	0	0	89	0	0	0	0	0	0	0	0	0
BK030782.1	0	0	0	0	0	0	0	0	0	0	0	0	0	0	0	0	0	0	0	0	0	12
BK031144.1	0	0	0	0	0	8	414	0	0	0	0	0	0	0	0	0	34	0	0	0	0	151
BK031293.1	0	958	1746	0	211	9	64	31	25	5	11	472	0	0	0	27	0	0	12	248	0	0
BK031399.1	0	0	0	0	0	0	0	0	0	0	0	0	20	0	0	0	0	0	0	0	0	0
BK031463.1	0	0	0	0	0	315	0	0	0	0	0	0	0	0	0	0	0	0	0	0	0	0
BK031522.1	0	0	0	0	0	0	0	0	0	0	0	0	0	0	0	0	0	0	0	3365	0	0
BK031587.1	0	0	0	0	0	0	0	0	30	0	0	0	0	0	0	0	0	0	0	0	0	0
BK031605.1	0	0	6	0	0	8	0	523	0	9	0	0	0	0	5	178	0	0	0	7930	0	0
BK031625.1	0	0	0	0	0	7	0	0	0	0	10	0	0	0	0	0	0	0	0	0	110	0
BK031652.1	0	0	0	17	0	0	0	0	0	0	30	0	49	0	0	0	0	93	0	0	60560	0
BK031726.1	0	27	0	0	0	0	0	0	0	0	0	0	0	0	0	0	0	0	0	0	0	0
BK031773.1	0	0	0	0	0	0	187	0	0	0	0	0	0	0	0	0	18	0	0	0	0	15
BK031863.1	0	0	0	0	0	1172	0	0	0	0	0	0	0	0	0	0	0	0	0	0	43	0
BK032042.1	7	1728	0	0	67	0	0	0	0	0	0	0	0	0	0	0	0	0	0	0	0	0
BK032132.1	0	0	0	0	0	10	0	22	0	0	522	0	0	0	0	0	0	0	0	193	0	0
BK032250.1	0	0	0	0	0	0	0	0	0	0	30	0	0	0	0	0	0	0	0	0	0	0
BK032296.1	0	7	0	0	0	0	0	0	0	52	0	0	0	0	23	0	0	0	0	0	0	0
BK032564.1	0	61	0	150	0	0	0	8	0	0	0	0	0	0	0	0	0	0	0	0	0	0
BK032667.1	0	0	0	0	0	0	0	0	0	0	5	0	0	0	0	0	0	0	0	0	0	0
BK032755.1	40	0	0	0	68	0	0	0	0	0	0	0	0	0	6	0	0	0	0	0	0	0
BK033033.1	0	0	56	0	9	19	432	0	0	2104	0	0	0	0	0	18	0	0	0	0	385	8
BK033034.1	0	0	13	0	0	0	0	0	0	0	0	0	0	0	0	0	0	0	0	0	0	0
BK033580.1	0	0	0	0	0	19	0	0	0	0	0	0	0	0	0	0	0	0	0	0	0	0
BK033789.1	0	0	0	0	0	0	0	0	0	0	0	0	0	0	0	0	5	0	0	0	0	0
BK033863.1	0	0	0	0	0	0	0	0	0	0	0	0	0	0	0	0	0	0	0	12	0	0
BK034056.1	0	0	0	34	0	0	0	0	0	0	0	0	0	0	0	0	0	0	0	0	0	0
BK034191.1	5	0	0	0	0	0	0	0	0	0	0	0	0	0	0	0	0	0	0	0	0	0
BK034715.1	0	0	0	0	0	0	0	0	0	0	0	0	0	0	0	5	0	0	0	0	0	0
BK035541.1	0	0	9	0	0	0	0	0	0	0	0	0	0	0	0	0	0	0	0	0	0	0
BK035907.1	0	0	0	0	0	0	0	0	0	0	0	0	0	0	0	0	0	0	0	46	0	0
BK036145.1	0	0	0	0	0	0	0	0	0	0	0	0	0	0	0	0	0	754	0	0	0	0
BK036146.1	0	0	0	0	0	0	0	0	0	10	0	0	0	0	0	0	0	0	0	0	0	0
BK036162.1	0	0	0	0	0	0	0	0	0	0	0	0	0	0	0	0	0	13	0	0	0	0
BK036287.1	0	0	0	0	0	0	0	0	0	0	0	0	0	0	0	0	0	8	0	0	0	0
BK036482.1	0	0	0	0	0	0	5	0	0	0	0	0	0	0	0	0	0	31	0	0	0	0
BK036505.1	0	0	0	0	0	0	0	0	0	0	0	0	0	0	0	0	0	0	0	0	20	0
BK036642.1	0	0	0	0	0	0	0	0	0	0	0	0	0	0	0	0	0	0	0	3185	0	0
BK037011.1	0	0	0	0	0	0	13	0	0	0	0	0	0	0	0	0	0	0	0	0	0	0
BK037455.1	0	0	0	0	0	0	0	0	8	0	0	0	0	0	0	0	0	0	0	0	0	0
BK037760.1	0	0	0	0	0	0	0	0	0	0	17	0	0	0	0	0	0	0	0	0	0	0
BK037771.1	0	0	0	0	0	0	0	32	0	0	0	0	0	0	0	0	0	0	0	0	0	0
BK037856.1	2034	378	2454	788	110	986	1809	649	229	395	365	0	19	6	160	74	51	1743	4646	0	0	528
BK037915.1	0	0	0	0	0	0	0	0	25	0	0	0	0	0	0	0	0	0	0	0	0	0
BK037930.1	0	0	0	0	0	0	0	0	0	0	0	0	0	0	0	0	0	0	11	0	0	0
BK038108.1	0	0	0	0	0	0	0	8	0	0	0	0	0	0	0	0	0	159	98	0	0	0
BK038384.1	0	0	0	0	0	0	0	0	0	0	0	0	0	0	0	0	11	0	0	0	0	0
BK039038.1	0	0	0	0	0	0	0	0	0	0	0	0	0	0	0	0	0	0	0	9	0	0
BK039525.1	0	0	0	0	8309	0	0	0	0	0	0	0	0	0	0	0	0	0	0	0	0	0
BK040021.1	0	0	0	0	0	0	0	0	0	0	0	0	0	0	0	0	0	6	0	0	0	0
BK040156.1	0	0	0	0	0	0	0	0	0	0	0	0	0	0	0	0	0	7	0	0	0	0
BK040588.1	0	0	0	0	0	0	0	0	0	0	0	0	0	0	0	0	0	6	0	0	0	0
BK040751.1	0	0	0	0	0	0	0	0	0	0	1386	0	0	0	0	0	0	0	0	0	0	0
BK040872.1	0	0	0	0	0	0	0	0	0	0	15	0	0	0	0	0	0	0	0	0	0	0
BK040948.1	0	0	0	0	0	0	0	0	0	0	0	0	0	0	0	0	0	9	0	0	0	0
BK041221.1	0	0	0	0	0	0	0	0	0	0	0	0	0	0	0	0	0	0	0	0	395	0
BK041463.1	0	0	0	0	0	0	0	0	0	0	0	0	0	0	0	0	0	0	21	0	0	0
BK041760.1	0	0	0	0	0	0	0	0	0	0	0	0	0	0	11	0	0	0	0	0	0	0
BK041808.1	0	0	0	0	0	0	0	0	0	0	0	0	0	0	0	0	0	0	17	0	0	0
BK041838.1	0	0	0	0	0	0	0	0	0	0	0	0	12	0	0	0	0	0	0	0	0	0
BK042102.1	0	0	0	0	0	0	0	0	0	0	0	0	0	5	0	0	0	0	0	0	0	0
BK042612.1	0	0	0	0	0	0	0	0	0	0	1413	0	0	0	0	0	0	0	0	0	0	0
BK042645.1	0	0	0	0	0	0	0	0	0	0	0	0	0	0	0	0	0	0	15813	0	0	0
BK042657.1	0	0	0	0	0	0	0	0	0	0	0	0	0	0	0	0	0	0	0	826	0	0
BK043047.1	0	0	0	0	0	0	0	0	0	0	0	0	0	0	15	0	0	0	0	0	0	0
BK043158.1	0	0	0	0	0	0	0	0	0	0	0	0	0	0	0	0	0	0	0	0	0	5
BK043178.1	0	0	0	0	0	0	0	14	0	0	0	0	0	0	0	0	0	0	0	0	0	0
BK043524.1	0	0	0	0	0	0	0	0	0	0	391	0	0	0	0	0	0	0	0	0	0	0
BK043527.1	0	0	0	0	0	0	0	123	0	0	0	0	0	0	0	0	0	0	0	0	0	0
BK043568.1	0	0	0	0	0	28	0	0	0	0	0	0	0	0	0	0	0	80	0	0	0	10
BK043977.1	0	0	0	0	0	0	0	0	0	0	27	0	0	0	0	0	0	0	0	0	0	0
BK044152.1	640415	0	0	0	0	0	0	47	0	0	0	0	0	0	0	0	0	8	30	657	0	0
BK044318.1	0	19	0	0	0	0	0	0	0	0	0	0	0	0	0	0	0	0	0	0	0	0
BK044717.1	0	0	0	0	0	0	0	0	0	0	0	0	0	0	0	0	7	0	0	0	0	0
BK044748.1	14	0	174	9	0	6	0	0	57	183	30	0	0	0	73	20	0	39	21	9	0	17
BK044771.1	0	0	0	0	0	0	0	0	0	0	0	0	0	0	0	0	0	0	0	0	30	0
BK044923.1	0	0	0	0	0	0	0	0	0	0	0	0	0	0	0	0	73	0	0	0	0	58
BK045003.1	0	0	41	0	0	0	0	0	0	0	0	0	0	0	0	0	0	0	0	0	358	0
BK045049.1	0	0	0	0	0	0	0	0	0	0	0	0	0	0	0	0	0	0	0	0	82	0
BK045371.1	0	0	0	0	0	5	0	0	0	0	0	0	0	0	0	0	0	0	0	0	0	0
BK045380.1	0	0	0	0	0	0	0	0	0	0	187	0	0	0	0	0	0	0	0	0	0	0
BK045405.1	0	0	0	0	0	6	0	0	0	0	0	0	0	0	0	0	0	0	0	0	0	0
BK045874.1	0	0	0	0	0	0	0	160	0	0	0	0	0	0	0	0	0	0	0	0	0	0
BK045965.1	0	0	0	0	0	0	0	0	0	0	0	0	0	0	0	15	0	0	0	0	0	0
BK046016.1	0	0	0	7	0	0	0	0	0	0	0	0	0	0	0	0	0	0	0	0	0	0
BK046911.1	2006	376	2347	836	103	1037	1857	655	234	411	340	0	18	6	154	84	81	1725	4600	0	0	544
BK046965.1	0	0	0	0	0	0	0	0	0	0	29	0	0	0	0	0	0	0	0	0	0	0
BK047054.1	0	0	0	0	0	14	0	0	0	0	0	0	0	0	0	0	0	0	0	7	0	0
BK047070.1	0	0	0	0	0	0	0	0	0	0	0	0	0	0	0	0	0	13	0	0	0	0
BK047116.1	0	0	0	0	0	0	0	0	0	0	50	0	0	0	0	0	0	0	0	0	0	0
BK047154.1	0	0	0	0	0	0	0	0	0	0	0	0	0	0	0	0	0	0	0	0	1740	0
BK047194.1	0	0	0	0	0	0	0	0	0	0	32	0	0	0	0	0	0	0	0	0	0	0
BK047212.1	0	0	0	0	0	0	0	0	0	0	49	0	0	0	0	0	0	0	0	0	0	0
BK047448.1	0	0	0	0	0	0	0	0	0	0	0	0	0	0	0	0	0	0	0	11	0	0
BK047840.1	0	0	0	0	0	0	0	186	0	0	0	0	0	0	0	0	0	0	0	0	0	0
BK047871.1	0	0	0	0	0	0	0	0	0	0	0	0	0	0	0	0	0	0	0	0	6	0
BK048043.1	0	66	5	0	18	307	0	29	0	13	0	0	0	0	0	0	701	0	0	116	100	0
BK048145.1	0	0	0	0	0	1252	0	0	0	0	0	0	0	0	0	0	0	0	0	0	0	0
BK048316.1	0	0	0	0	0	0	0	0	158	0	0	0	0	0	0	0	0	0	0	0	0	0
BK048363.1	0	0	0	0	0	0	3620	34605	0	0	0	0	0	0	0	0	0	0	0	0	0	80
BK048592.1	0	0	0	0	0	32	0	3212	0	0	0	0	0	0	0	0	0	0	0	0	0	0
BK049363.1	0	0	0	0	8	2864	0	0	0	0	28	0	0	0	0	21	0	0	0	0	0	0
BK049446.1	0	0	0	0	0	0	0	0	0	0	0	0	0	0	0	0	0	6	0	0	0	0
BK049457.1	0	0	0	0	0	0	0	0	1011	0	0	0	0	0	0	0	0	0	0	0	0	0
BK049477.1	0	0	0	0	0	0	16	0	0	0	0	0	0	0	0	0	0	0	0	0	0	0
BK049496.1	0	0	0	0	0	0	0	0	0	0	22	0	0	0	0	0	0	0	0	0	0	0
BK049729.1	0	0	0	0	0	0	0	0	0	0	28	0	0	0	0	0	0	0	0	0	0	0
BK049774.1	0	0	0	0	0	894	0	0	0	0	0	0	0	0	0	0	0	0	0	0	0	0
BK049783.1	0	0	0	0	0	929	0	0	0	0	0	0	0	0	0	0	0	0	0	0	0	0
BK049837.1	0	0	83033	0	0	0	0	0	1409	0	0	0	0	0	0	0	11	0	0	0	0	0
BK049971.1	0	0	0	0	0	0	0	0	8	0	0	0	0	0	0	0	0	0	0	0	0	0
BK050235.1	0	0	0	0	0	18	0	0	0	0	0	0	0	0	0	0	0	0	0	0	0	0
BK050251.1	0	0	0	0	0	0	0	0	27	0	0	0	0	0	0	0	0	0	0	0	0	0
BK050253.1	0	0	0	0	0	0	0	0	0	0	0	0	0	0	0	0	0	0	0	0	149	0
BK050281.1	0	11	0	0	0	12	1167	0	0	0	0	0	0	0	0	0	0	0	0	0	0	0
BK050296.1	0	69	0	0	0	0	0	0	0	0	0	0	0	0	0	0	0	80	0	0	0	45
BK050316.1	0	0	799	0	0	0	0	0	0	0	0	0	0	0	0	0	0	0	0	0	0	0
BK050467.1	0	0	0	0	0	0	0	0	0	0	0	0	0	0	0	0	0	0	0	0	33667	0
BK050536.1	0	0	0	0	0	0	0	0	0	0	0	0	0	0	0	0	0	0	0	845	0	0
BK050544.1	2046	399	2343	850	118	1014	1896	669	217	394	389	0	17	0	199	75	58	1831	4568	0	0	557
BK050580.1	0	0	0	0	0	0	0	0	0	0	0	0	0	0	0	0	0	0	0	0	0	168
BK050661.1	9	0	0	0	0	0	0	0	0	0	0	0	0	0	0	0	0	0	0	0	0	0
BK050731.1	0	0	0	0	0	0	0	0	0	0	5	0	0	0	0	0	0	0	0	0	0	0
BK050734.1	0	0	0	0	0	0	0	0	0	0	0	0	0	0	0	0	0	6	0	0	0	37296
BK050917.1	0	0	0	0	0	0	0	0	0	1233	0	0	0	0	0	0	0	0	0	0	0	0
BK050925.1	0	0	0	0	0	0	0	0	0	0	0	0	0	0	0	5	0	0	0	0	0	0
BK051027.1	0	0	0	0	208	0	0	14	0	0	0	0	0	0	0	31	0	0	0	0	0	0
BK051036.1	0	0	0	0	0	0	0	0	0	0	0	0	0	0	0	0	0	0	13	0	0	0
BK051128.1	0	0	0	0	0	0	0	0	0	0	0	0	0	0	35	0	0	0	0	0	0	0
BK051257.1	0	0	112	0	0	0	0	6	0	0	0	0	0	0	0	0	0	0	0	0	40	0
BK051489.1	0	5	0	0	0	0	9	0	0	0	0	0	0	0	0	0	0	0	0	0	0	0
BK051496.1	0	0	0	0	0	0	0	0	0	0	0	0	0	0	0	0	0	0	0	8	0	0
BK051661.1	29	28	12	67	0	1154	1063	5	16	217	6	0	0	0	0	0	0	84	52	63	22	169176
BK052058.1	62536	28	31	51866	0	9	2384	0	58	354	0	5	0	0	238	534	7	32294	0	0	100	0
BK052252.1	0	0	0	0	0	0	0	0	0	0	27	0	0	0	0	0	0	0	0	0	0	0
BK052422.1	0	0	0	13	0	947	0	0	0	0	0	47	0	0	0	0	0	0	0	0	0	53
BK052441.1	0	0	102	11	0	20	0	0	21	0	32	0	0	0	0	0	0	0	30	0	0	9
BK052452.1	42150	19997	790	30599	448	53345	36462	86248	66	72790	6054	6	11156	61	2225	1888	1889	20117	1572	182125	54152	8191
BK052502.1	0	0	0	0	0	0	33	0	0	0	0	0	0	0	0	0	0	0	0	0	0	0
BK052769.1	0	0	0	0	0	0	0	0	0	0	0	0	0	0	0	0	0	0	0	0	10	0
BK052829.1	0	0	0	0	0	0	0	0	0	0	0	0	0	0	0	0	0	0	0	5	0	0
BK052872.1	0	0	0	0	0	0	0	15	0	0	0	0	0	0	0	0	0	0	0	0	0	0
BK053179.1	0	0	0	0	0	0	0	0	0	0	0	0	0	0	0	0	0	0	0	0	0	1360
BK053193.1	0	0	0	0	0	0	0	0	0	0	0	0	0	0	0	0	0	0	0	0	3327	0
BK053237.1	0	0	0	0	0	0	0	0	0	0	0	0	0	5	0	0	0	0	0	0	0	0
BK053301.1	0	0	0	0	0	0	0	0	0	0	17	0	0	0	0	0	0	0	0	0	0	0
BK053362.1	0	0	0	0	0	0	0	0	0	0	0	0	0	0	0	0	0	0	0	62	0	0
BK053450.1	0	0	0	0	0	0	0	0	0	0	0	0	0	0	0	0	0	0	0	0	91	0
BK053500.1	760	0	0	16	0	0	0	0	0	0	0	0	0	0	0	0	0	0	0	0	0	0
BK053505.1	0	0	0	0	0	0	6	0	0	0	0	0	20	0	0	0	0	0	0	0	0	0
BK053561.1	0	0	0	0	0	0	0	0	0	0	0	0	0	0	0	0	0	5	0	0	0	0
BK053576.1	0	0	0	0	0	0	0	0	0	0	0	0	0	0	0	0	0	0	0	1811	0	0
BK053628.1	0	0	0	0	0	0	0	0	0	0	10084	0	0	0	0	0	0	0	0	0	0	0
BK053742.1	0	0	0	0	0	7	0	0	0	0	0	0	0	0	0	0	0	0	0	0	0	0
BK053916.1	0	0	4133	0	0	0	0	32	0	0	0	0	0	0	0	0	0	0	0	42	0	0
BK054160.1	0	0	0	0	0	0	0	0	0	0	0	0	0	0	8	0	0	0	0	0	0	0
BK054196.1	0	0	0	0	0	0	0	0	0	0	22	0	0	0	0	0	0	0	0	0	0	0
BK054232.1	0	0	0	0	0	0	0	0	0	0	0	0	0	0	0	0	0	0	0	12	0	0
BK054346.1	0	0	0	0	0	0	0	0	0	0	0	0	0	0	0	0	0	82	0	0	0	0
BK054426.1	0	0	0	0	0	0	0	0	20	0	0	0	0	0	0	0	0	0	0	0	0	0
BK054716.1	0	0	0	0	0	134	0	16916	0	0	0	0	0	0	0	0	0	0	0	0	0	0
BK054786.1	330	0	0	0	0	0	0	0	0	0	24	0	0	0	0	0	0	0	0	0	0	0
BK054872.1	0	0	0	0	0	0	0	0	0	0	0	0	0	0	0	0	0	0	0	0	9	0
BK054890.1	0	0	0	0	0	761	783	0	0	19	0	44	0	0	0	0	0	391	0	0	0	26
BK054928.1	0	0	0	0	0	0	0	0	0	0	0	0	0	0	0	0	0	0	0	0	0	9
BK055027.1	0	38	0	0	0	0	0	0	0	0	29	0	0	0	0	0	20	0	0	0	0	0
BK055124.1	0	0	0	0	0	0	0	0	0	0	34	0	0	0	0	0	0	0	0	0	0	0
BK055190.1	0	0	485	0	0	0	25	0	0	0	0	0	0	0	0	0	0	0	0	0	0	0
BK055234.1	0	0	0	0	0	0	0	0	0	0	0	0	0	0	0	0	8	0	0	0	0	9
BK055455.1	0	0	0	0	9499	0	0	0	0	0	0	0	0	0	0	0	0	0	0	0	0	0
BK055496.1	0	64	0	0	0	0	0	0	0	0	0	0	0	0	0	0	0	0	0	195	0	0
BK055624.1	0	0	0	0	0	0	0	0	0	0	0	0	0	9	0	0	0	0	0	0	0	0
BK055695.1	0	0	0	0	0	0	0	0	0	0	28	0	0	0	0	0	0	0	0	0	0	0
BK055901.1	0	0	0	0	0	0	0	0	0	0	29	0	0	0	0	0	0	0	0	0	0	0
BK055971.1	0	0	0	0	0	0	0	0	12	0	0	0	0	0	0	0	0	0	0	0	0	0
BK056092.1	0	0	0	0	0	0	0	0	0	0	0	0	0	0	0	0	0	5	0	0	0	0
BK056168.1	0	0	6	0	0	0	0	113	0	0	0	0	0	0	0	0	0	0	0	0	0	0
BK056172.1	0	0	0	0	0	7	0	0	0	0	0	0	0	0	0	0	0	0	0	0	0	0
BK056221.1	0	0	0	0	0	0	0	0	0	0	40	0	0	0	0	0	0	0	0	0	0	0
BK056588.1	0	0	0	0	0	0	0	0	0	0	0	0	0	0	0	0	0	10	0	0	0	0
BK056602.1	0	0	0	0	0	936	16	6	20	13	0	0	0	0	0	0	0	0	0	0	0	0
BK056639.1	0	0	9	0	0	0	0	0	0	0	0	0	0	0	0	0	0	0	0	0	0	0
BK057057.1	0	0	0	0	0	0	0	0	0	0	0	0	0	0	0	0	0	8270	0	0	104	0
BK057089.1	0	0	0	0	0	0	0	0	0	19	0	0	0	0	0	0	0	0	0	0	0	0
BK057437.1	0	0	0	0	0	436	0	0	0	0	0	0	0	0	0	0	0	0	0	0	0	0
BK057581.1	0	0	0	0	0	0	0	0	0	0	0	0	0	0	0	0	11	0	0	0	0	0
BK057582.1	0	0	0	0	0	0	0	0	15	0	0	0	0	0	0	0	0	0	0	0	0	0
BK057588.1	0	0	0	0	0	50	0	12	0	0	29	0	0	0	6	0	0	0	52	11	0	22
BK057606.1	0	0	0	0	0	0	0	0	0	0	0	0	0	0	0	0	0	0	0	6	0	0
BK057622.1	0	0	0	0	0	0	0	0	0	0	0	0	0	0	0	0	0	0	0	37	0	0
BK057631.1	0	0	0	0	0	0	0	0	0	0	1334	0	0	0	0	0	0	0	0	0	0	0
BK057731.1	0	1809	0	0	0	0	0	0	0	0	0	0	0	0	0	0	0	0	0	13	0	0
BK057767.1	32	0	0	0	0	0	0	0	0	0	0	0	0	0	12	0	0	340	0	0	0	0
BK057885.1	0	0	0	0	0	0	0	0	0	0	0	0	0	0	0	0	0	0	8	0	0	0
BK057893.1	0	0	18	0	0	8	0	753	0	0	0	0	0	0	0	1305	0	0	0	5	0	0
BK057928.1	0	0	1646	0	0	0	29	0	0	35	0	0	0	0	0	6	0	0	0	1314	0	0
BK057984.1	25	0	0	0	0	0	0	0	0	0	16	0	0	0	0	0	0	0	0	0	0	0
BK058302.1	66	0	0	0	0	32	0	0	0	0	0	0	0	0	0	0	0	0	0	0	0	0
BK058342.1	0	0	0	0	0	0	5	0	0	0	0	0	0	0	0	0	0	0	0	0	0	0
BK058442.1	0	0	0	0	0	15	0	0	15	0	0	0	21	0	0	0	0	0	0	11	0	0
BK058443.1	0	0	0	0	0	0	0	0	0	0	0	0	0	0	0	0	0	0	0	0	6	0
BK058532.1	0	0	0	0	0	0	0	0	179	0	0	0	0	0	0	0	0	0	0	0	0	0
BK058593.1	0	0	0	0	0	11	0	0	0	0	0	0	0	0	0	0	0	0	0	0	0	0
BK058607.1	0	0	6	0	0	5	0	59	0	0	0	0	0	0	0	0	0	34	0	0	0	8
BK058626.1	0	0	0	0	0	332	0	0	28	0	0	0	0	0	0	0	0	0	0	0	0	0
BK058893.1	0	0	0	0	0	0	0	0	0	0	0	0	0	0	0	0	0	0	0	7	0	0
CP000711.1	0	0	0	0	0	0	0	0	0	0	28	0	0	0	0	0	0	0	0	0	0	0
CP025712.1	0	0	15	5	0	0	6	7	0	19	0	0	0	0	39	0	0	26	25	8	0	0
CP025887.1	9805	116	5	0	0	25042	2180	0	198	1123	45	1135	0	6	11	24	0	0	130	0	53	3604
CP025907.1	0	0	0	0	0	0	0	0	20	0	0	0	0	0	0	0	0	10	0	0	0	207576
CP054387.1	0	0	0	0	0	0	0	78	0	0	0	0	0	0	0	0	0	0	0	0	0	0
CP058330.1	313	0	0	0	0	0	0	0	0	0	0	0	0	0	0	0	0	0	0	0	0	0
CP101890.1	80	0	0	0	0	0	0	0	0	0	0	0	0	0	0	0	0	0	0	0	0	0
CP101896.1	88	0	0	0	0	0	0	0	0	0	0	0	0	0	0	0	0	0	0	0	0	0
D67096.1	0	0	0	0	0	20	0	0	0	0	0	0	0	0	0	0	0	0	0	0	0	0
DQ011153.1	0	0	0	0	0	0	0	0	0	7	0	0	0	0	0	0	0	0	10	0	0	7
DQ011157.1	0	0	0	0	0	0	0	0	0	6	0	0	0	0	0	0	0	0	16	0	0	6
DQ127777.1	0	0	0	0	0	0	0	0	0	0	0	0	0	0	0	0	0	0	0	71	0	0
DQ127791.1	0	0	0	0	0	0	0	0	0	0	0	0	0	0	0	0	0	0	18	0	0	0
DQ250030.1	0	0	8	0	0	0	0	0	0	0	0	0	0	0	0	0	0	0	0	0	0	0
DQ250037.1	0	0	23	0	0	0	0	0	0	0	0	0	0	0	0	0	0	0	0	0	0	0
DQ372053.1	0	0	0	0	0	47	0	0	0	0	0	0	0	0	0	0	0	0	53	0	0	23
DQ372054.1	0	0	0	0	0	0	0	0	0	0	0	0	0	0	0	0	0	0	6	0	0	0
DQ372055.1	0	0	0	0	0	17	0	0	0	0	0	0	0	0	0	0	0	0	21	0	0	10
DQ372056.1	0	0	0	0	0	82	0	0	0	0	0	0	0	0	0	0	0	6	63	11	0	36
DQ372057.1	0	0	0	0	0	68	0	0	0	0	0	0	0	0	0	0	0	0	61	5	0	17
DQ372058.1	0	0	0	0	0	75	0	0	0	0	0	0	0	0	0	0	0	0	64	5	0	19
DQ372059.1	0	0	0	0	0	88	0	0	0	0	0	0	0	0	0	0	0	8	72	0	0	15
DQ372060.1	0	0	0	0	0	82	0	0	0	0	0	0	0	0	0	0	0	5	56	0	0	26
EF120456.1	0	0	0	0	0	11	0	0	27	0	0	0	0	0	0	5	0	0	21	0	0	6
EF636842.1	0	0	0	0	0	0	0	0	0	0	0	0	0	0	35	0	0	0	0	0	0	0
EF710639.1	0	0	0	0	0	182	0	0	0	0	0	0	0	0	0	0	0	0	0	0	0	0
EF710640.1	0	0	0	0	14	14	39	0	0	0	0	0	0	0	0	0	0	0	0	0	0	0
EF710641.1	0	0	0	0	0	18	0	0	0	0	0	0	0	0	0	0	0	0	0	0	0	0
EU001260.1	0	0	0	0	9	0	0	0	0	0	0	0	0	0	0	0	0	0	0	0	0	0
EU151450.1	0	0	0	0	0	0	0	0	0	0	0	0	0	0	0	0	0	0	0	317	0	0
EU311208.1	0	0	0	0	0	0	0	0	0	0	24	0	0	0	0	0	0	0	0	0	0	0
EU523109.1	0	0	8	0	0	0	0	0	0	0	0	0	0	0	0	0	0	0	0	0	0	0
FJ184280.1	0	5827	0	0	0	0	0	0	0	0	36	0	0	0	7	0	0	0	0	5	0	0
FJ188381.1	0	0	0	0	0	234	0	0	0	0	29	0	0	0	0	0	0	0	0	0	0	0
FJ357770.1	0	0	16	0	0	0	0	0	0	0	0	0	0	0	0	0	0	0	0	0	0	0
FJ593289.1	9534	6683	30	150	6	453	1446	1808	57	83	6	0	14	12	39	15	34	57	8193	147	248	21155
GQ121041.1	9642	6567	22	104	8	410	623	1686	37	0	0	0	11	0	39	8	36	17	8069	152	60	15857
GU117633.1	0	0	0	0	0	0	0	14858	0	0	0	0	0	0	0	0	0	0	0	0	0	0
GU179001.1	9456	6776	30	130	0	460	344	1764	44	87	0	0	16	0	42	10	30	58	8273	129	275	15953
GU385360.1	0	0	0	0	0	0	0	0	0	0	0	0	0	0	0	0	0	0	10	0	0	0
GU934326.1	109	817	581	16	0	151	993	528	11	3504	15	0	29	0	100	50	12	1160	1374	12732	1317	4176
GU980198.1	0	0	0	0	0	7	0	0	0	0	0	0	0	0	0	0	0	0	0	0	0	0
HE795107.1	0	0	0	0	0	0	0	0	6	0	0	0	0	0	0	0	0	0	0	0	0	0
HE984565.1	7	0	0	0	6	0	0	0	0	0	0	0	0	0	0	0	0	0	0	0	0	0
HM173637.1	0	0	0	0	0	0	0	0	0	0	23	0	0	0	0	0	0	0	0	0	0	0
HM208303.1	7454	6416	29	97	5	286	51	24	37	0	40	0	12	0	33	14	42	23	99	80	49	6991
HQ540593.1	0	0	10	0	0	0	0	0	0	0	0	0	0	0	0	0	0	0	0	0	0	0
J01735.1	6911	49	151	0	22	52	2054	14	23	779	0	0	0	0	7	0	0	12	30	5	4042	192
J02459.1	49	53	319	239	512	588	238	46	78	111	69	0	123	7	148	21	25	6879	145	82	632	49
J02460.1	0	0	0	0	0	73	0	0	0	0	0	0	0	0	0	0	0	0	50	0	0	28
J02580.1	0	0	13356	0	0	0	0	0	0	31	0	0	0	0	0	0	0	0	0	0	0	0
JF900176.1	0	0	0	0	0	0	0	0	0	0	27	0	0	0	0	0	0	0	0	0	0	0
JF974339.1	0	0	0	0	0	0	0	0	0	0	13	0	0	0	0	0	0	11	0	0	0	0
JN420338.1	0	0	5	0	0	0	0	0	0	0	0	0	0	0	0	0	0	0	6	0	9	5
JN420342.2	26	6	6	6	0	5	7	5	7	11	12	0	0	0	0	0	0	19	0	5	0	9
JN564006.1	0	0	0	0	0	0	0	0	0	0	0	0	0	0	0	0	8	0	0	0	0	0
JN600960.1	0	0	0	0	0	0	0	0	0	0	11	0	0	0	0	0	0	6	0	0	0	0
JQ011316.1	0	0	0	0	0	0	0	0	0	0	29	0	0	0	0	0	0	0	0	0	0	0
JQ036301.1	0	0	0	0	0	0	0	0	0	0	0	0	0	0	0	0	7	0	0	0	0	0
JQ036303.1	0	0	0	0	0	0	0	0	0	0	0	0	0	0	0	0	5	0	0	0	0	0
JQ036305.1	0	0	0	0	0	0	0	0	0	0	0	0	0	0	0	0	26	0	0	0	0	0
JQ036307.1	0	0	0	0	0	0	0	0	0	0	0	0	0	0	0	0	8	0	0	0	0	0
JQ086369.1	0	0	0	0	0	0	0	0	0	0	35	0	0	0	0	0	0	23	0	0	0	0
JQ086370.1	0	0	0	0	0	0	0	0	0	0	35	0	0	0	0	0	0	0	0	0	0	0
JQ086372.1	0	0	0	0	0	0	0	0	0	0	26	0	0	0	0	0	0	0	0	0	0	0
JQ086373.1	0	0	0	0	0	0	0	0	0	0	22	0	0	0	0	0	0	0	0	0	0	0
JQ086374.1	0	0	0	0	0	0	0	0	0	0	30	0	0	0	0	0	0	0	0	0	0	0
JQ086376.1	37	0	383	235	564	371	226	50	44	142	43	0	107	0	141	0	5	6865	93	87	673	21
JQ086377.1	0	0	0	0	0	0	0	0	0	0	42	0	0	0	0	0	0	0	0	0	0	0
JQ182726.1	0	0	0	0	0	0	0	0	0	0	24	0	0	0	0	0	0	0	0	0	0	0
JQ182727.1	0	0	0	0	0	0	0	0	0	0	26	0	0	0	0	0	0	0	0	0	0	0
JQ182731.1	0	0	0	0	0	0	0	0	0	0	24	0	0	0	0	0	0	0	0	0	0	0
JQ182732.1	0	0	0	0	0	0	0	0	0	0	27	0	0	0	0	0	0	17	0	0	0	0
JQ182733.1	0	0	0	0	0	0	0	0	0	0	20	0	0	0	0	0	0	0	0	0	0	0
JQ182735.1	43	0	350	220	553	93	244	54	44	132	42	0	100	5	175	0	6	7014	115	84	0	13
JQ795930.1	9458	6584	23	84	7	410	1423	1703	49	0	7	0	11	0	32	12	37	24	8069	136	60	16137
JQ807232.1	0	0	0	0	0	0	0	0	74	0	0	0	0	0	8	0	0	0	0	0	0	0
JX181825.1	0	0	0	0	0	0	0	0	26	0	0	0	0	0	0	0	0	0	0	0	0	0
JX570707.1	0	0	0	0	0	0	0	0	0	0	0	0	0	0	0	0	0	23	0	0	0	0
JX570708.1	0	0	0	0	0	0	0	0	0	0	0	0	0	0	0	0	0	20	0	0	0	0
JX570711.1	0	0	0	0	0	0	0	0	0	0	0	0	0	0	5	0	0	0	0	0	0	0
JX904130.1	0	0	0	0	8	0	0	0	0	0	0	0	0	0	0	0	0	0	0	0	0	0
K01643.1	0	0	0	0	0	0	0	0	0	0	0	0	0	0	0	0	34	0	0	0	0	0
K02606.1	0	0	0	0	0	0	0	0	0	0	0	0	0	0	0	0	0	0	23	0	0	0
KC465951.1	0	0	0	0	21	0	0	0	0	0	0	0	0	0	0	0	0	0	0	0	0	0
KC503852.1	0	7	0	129	52	62	0	14	0	0	387	0	0	0	0	0	0	0	24	0	7	5
KC595279.1	0	0	0	0	0	0	0	0	0	0	0	0	0	0	0	0	0	0	1807	0	0	0
KC813495.1	0	0	0	0	5	110	0	0	0	0	0	0	0	0	0	0	0	0	0	0	0	12
KC981239.1	0	0	0	7	0	0	0	0	0	0	0	0	0	0	0	0	0	0	0	0	0	0
KF022001.1	0	0	0	30	0	24	202	1683	0	0	5	0	0	0	0	0	0	0	8199	0	0	5
KF030445.1	9550	6554	16	69	7	453	169	95	48	0	9	0	9	0	40	8	38	51	113	113	59	15915
KF241843.1	0	0	0	0	0	0	0	0	0	0	31	0	0	0	0	0	0	0	0	0	0	0
KF436796.1	0	0	0	0	37	0	0	0	0	0	0	0	0	0	0	0	0	0	0	0	0	0
KF436798.1	0	0	0	0	20	6	0	0	0	0	0	0	0	0	0	0	0	0	0	0	0	0
KF436799.1	0	0	0	0	5	0	0	0	0	0	0	0	0	0	0	0	0	0	0	0	0	0
KF436800.1	0	0	0	0	5	6	0	0	0	0	0	0	0	0	0	0	0	0	7	0	0	0
KF436801.1	0	0	0	0	0	15	0	0	0	0	0	0	0	0	0	0	0	0	10	0	0	0
KF436802.1	0	0	0	0	7	0	0	0	0	0	0	0	0	0	0	0	0	0	0	0	0	0
KF436803.1	0	0	0	0	31	0	0	0	0	0	0	0	0	0	0	0	0	0	0	0	0	0
KF493876.1	9535	6543	18	85	0	421	611	1698	44	0	0	0	17	0	40	5	38	18	8240	125	51	16057
KF493877.1	9547	6559	13	96	0	450	616	1685	39	0	7	0	12	0	36	9	49	28	8175	150	49	16022
KF512820.1	0	0	0	0	0	56	0	0	0	0	0	0	0	0	0	0	0	0	0	0	0	0
KF664573.1	0	0	5	0	162	0	0	0	0	0	27	0	0	0	0	0	0	0	0	0	29	4102
KF664575.1	0	0	0	0	127	5	0	0	0	0	34	0	0	0	0	0	0	0	0	0	29	4298
KF664576.1	0	0	0	0	153	0	0	0	0	0	34	0	0	0	0	0	0	0	0	0	26	4189
KF664577.1	0	0	0	0	152	8	0	0	0	10	32	0	0	0	0	0	0	0	0	0	23	4250
KF664578.1	0	0	10	0	141	6	0	0	0	7	33	0	0	5	0	5	0	0	0	0	26	4403
KF664579.1	0	0	5	0	159	6	0	0	0	0	41	0	0	0	0	6	0	0	0	0	31	4252
KF664581.1	0	0	6	0	145	14	0	0	0	0	32	0	0	0	0	0	0	0	0	0	26	4246
KJ000058.2	0	0	0	0	0	0	0	0	32	0	0	0	0	0	0	0	0	0	0	0	0	0
KJ123690.1	0	0	0	0	22	0	0	0	0	0	0	0	0	0	0	0	0	0	0	0	0	0
KJ540270.1	0	0	5	0	120	8	0	0	0	9	33	0	0	0	0	0	0	0	0	0	21	4163
KJ540271.1	0	0	0	0	136	12	0	0	0	11	38	0	0	0	0	0	0	0	0	0	24	4235
KJ540272.1	0	0	8	0	139	8	0	0	0	6	38	0	0	0	0	6	0	0	0	0	34	4284
KJ578761.1	0	0	0	0	0	0	0	0	0	0	0	0	0	0	36	0	0	0	0	0	0	0
KJ578772.1	0	0	0	0	0	0	0	0	0	0	0	0	0	0	0	0	0	10	0	0	0	0
KJ578776.1	0	0	0	0	0	0	0	0	0	0	0	9	0	0	0	0	0	0	0	0	0	0
KJ578787.1	0	0	0	0	0	0	0	0	0	0	0	0	0	0	0	0	0	12	0	0	0	0
KJ832078.1	0	0	0	0	0	0	0	0	0	0	36	0	0	0	0	0	0	12	0	0	0	0
KJ909655.1	0	0	0	0	0	0	0	0	0	0	26	0	0	0	0	0	0	0	0	0	0	0
KM209255.1	5656	5692	2406	10755	1150	9051	4357	5802	1865	8165	17971	16	162	32	532	287	193	5512	3498	90	622	55
KM209277.1	198	116	405	212	58	169	134	129	28	288	671	0	13	0	19	8	12	223	259	13	0	0
KM209288.1	19	189	83	196	6	87	28	43	39	181	113	0	0	0	164	0	0	82	27	5	0	0
KM209313.1	501	851	882	5509	386	1169	2848	1001	1735	4821	3396	6	96	14	131	134	42	1806	2488	74	268	37
KM209318.1	4502	2171	1116	3891	576	3357	571	3974	133	2414	8590	0	26	5	275	84	48	1687	567	6	6	44
KM269482.1	6	0	0	0	0	6	6	0	0	0	6	0	0	0	0	0	0	0	0	5	0	0
KM823530.1	0	0	0	0	0	0	0	0	0	0	0	0	0	0	0	0	0	5	0	0	0	0
KP257584.1	0	0	0	0	11	0	0	0	0	0	0	0	0	0	0	0	0	0	0	0	0	0
KP413800.1	0	0	0	0	0	0	0	5	0	0	0	0	0	0	0	0	0	0	0	0	0	0
KP682372.1	0	0	0	0	0	0	0	0	0	0	24	0	0	0	0	0	0	0	0	0	0	0
KP682373.1	0	0	0	0	0	0	0	0	0	0	25	0	0	0	0	0	0	0	0	0	0	0
KP682375.1	0	0	0	0	0	6	0	0	0	0	24	0	0	0	0	0	0	0	0	0	0	0
KP682376.1	0	0	0	0	0	0	0	0	0	0	31	0	0	0	0	0	0	0	0	0	0	0
KP682377.1	0	0	0	0	0	0	0	0	0	0	31	0	0	0	0	0	0	0	0	0	0	0
KP682379.1	0	0	0	0	0	6	0	0	0	0	32	0	0	0	0	0	0	0	0	0	0	0
KP682380.1	0	0	0	0	0	0	0	0	0	0	24	0	0	0	0	0	0	0	0	0	0	0
KP682382.1	0	0	0	0	0	0	0	0	0	0	35	0	0	0	0	0	0	0	0	0	0	0
KP682384.1	0	0	0	0	0	0	0	0	0	0	33	0	0	0	0	0	0	0	0	0	0	0
KP682386.1	0	0	0	0	0	0	0	0	0	0	30	0	0	0	0	0	0	0	0	0	0	0
KP682387.1	0	0	0	0	0	0	0	0	0	0	22	0	0	0	0	0	0	0	0	0	0	0
KP682390.1	0	0	0	0	0	0	0	0	0	0	21	0	0	0	0	0	0	0	0	0	0	0
KP682392.1	0	0	0	0	0	0	0	0	0	0	29	0	0	0	0	0	0	0	0	0	0	0
KP690312.1	0	0	0	0	0	0	0	0	0	0	0	0	0	0	0	25	0	0	0	60	115	17093
KP690326.1	0	9	0	0	0	0	0	0	0	0	0	0	0	0	0	0	0	0	0	0	202	0
KP690430.1	0	5	0	0	0	167	6	4745	0	0	719	0	0	61	13	0	39	5062	0	9	7	13
KP690575.1	0	6	0	0	0	0	0	0	0	224	0	0	0	0	0	28	0	0	0	0	0	0
KP892662.1	0	8	0	8	0	0	0	0	0	0	0	0	0	5	0	0	0	0	0	0	0	0
KR011275.1	0	0	0	0	0	0	0	0	0	0	0	0	0	6	0	0	0	0	0	0	5	0
KR011278.1	21	9	11	10	10	0	21	25	15	19	17	0	7	15	8	7	7	17	8	17	9	24
KR011279.1	13	0	13	12	12	10	9	9	10	24	11	0	0	22	5	9	5	8	9	16	16	13
KR011280.1	0	0	0	0	0	0	0	0	0	0	0	0	0	5	0	0	0	0	0	0	7	0
KR011281.1	0	0	5	9	6	0	0	0	0	0	0	0	0	5	0	0	0	0	6	6	19	6
KR011282.1	14	11	11	6	0	5	6	21	6	0	6	0	0	11	7	7	0	13	0	13	13	6
KR011283.1	8	0	0	7	7	8	5	0	0	0	0	0	0	0	0	0	0	6	10	0	0	28
KR011285.1	5	0	0	5	0	0	0	0	0	0	0	0	0	0	0	0	0	0	0	0	6	5
KR011286.1	0	0	0	0	0	0	7	0	5	0	0	0	0	0	0	0	0	0	0	0	0	0
KR011289.1	10	0	0	0	0	0	0	5	0	0	0	0	0	0	0	0	0	0	0	0	0	5
KR011293.1	0	0	5	0	0	0	0	5	0	0	0	0	0	0	0	0	0	0	6	0	0	0
KR011294.1	0	0	0	0	0	0	0	0	0	5	0	0	0	0	0	0	0	0	0	0	5	0
KR011295.1	0	0	0	0	0	0	6	0	0	5	0	0	0	0	0	0	0	0	0	0	0	0
KR011296.1	10	15	8	6	8	7	11	13	48	0	17	0	0	5	7	0	0	7	15	8	8	37
KR011297.1	37	0	0	10	58	10	9	5	8	18	13	0	0	0	0	0	0	6	9	14	80	27
KR011298.1	10	5	12	12	11	10	14	18	9	23	10	0	0	11	5	6	7	16	5	11	24	12
KR011300.1	5	0	0	7	0	0	5	0	16	0	0	0	0	0	0	0	0	0	0	6	16	0
KR011303.1	0	0	0	0	0	0	0	0	0	0	0	0	0	0	0	0	0	0	9	0	0	0
KR011305.1	0	5	0	0	0	0	5	0	6	0	5	0	0	7	0	0	5	0	5	0	20	7
KR011307.1	25	11	11	13	19	8	17	9	9	25	9	0	7	37	0	7	5	15	8	19	21	30
KR011308.1	7	0	9	0	7	0	0	0	0	0	0	0	0	0	0	0	0	0	0	0	10	0
KR011310.1	13	9	10	10	13	7	6	10	17	18	14	0	7	17	7	7	0	7	9	13	21	32
KR011312.1	7	10	21	8	11	7	11	13	11	12	14	0	5	11	6	0	0	8	10	13	32	21
KR052507.1	0	0	0	0	0	0	0	0	0	0	0	0	0	0	0	0	0	0	0	0	0	8
KR052508.1	30	17	33	12	9	6	28	31	197	5	18	5	21	30	25	18	39	11	18	16	9	54
KR073661.1	0	0	0	0	0	0	0	0	0	0	9	0	0	0	0	0	0	0	0	0	0	0
KT254133.1	0	18	0	0	0	0	0	0	0	0	0	0	0	0	0	0	0	0	0	0	0	0
KT630648.2	0	0	0	0	10	0	0	0	0	0	0	0	0	0	0	0	29	76	0	0	18	0
KT833851.1	9715	6498	17	109	6	397	671	1733	30	0	5	0	5	0	38	11	42	19	8248	117	50	16159
KT833852.1	9490	4643	13	66	5	439	693	1751	23	0	0	0	13	0	32	9	29	10	8203	90	38	15822
KT982027.1	0	0	7	0	0	0	0	0	0	0	0	0	0	0	0	0	0	0	0	0	0	0
KT982042.1	0	0	9	0	0	0	0	0	0	0	0	0	0	0	0	0	0	0	0	0	0	0
KT982045.1	0	0	6	0	0	0	0	0	0	0	0	0	0	0	0	0	0	0	0	0	0	0
KT982051.1	0	0	10	0	0	0	0	0	0	0	0	0	0	0	0	0	0	0	0	0	0	0
KT982052.1	0	0	6	0	0	0	0	0	0	0	0	0	0	0	0	0	0	0	0	0	0	0
KU052038.1	0	0	0	54	0	0	0	0	0	0	0	0	0	0	0	0	0	0	0	0	0	0
KU198480.2	0	0	7	0	0	0	0	5	0	0	0	0	0	0	0	0	0	0	0	0	7	6
KU238068.1	7874	4175	16	65	0	330	62	30	31	0	29	0	11	0	18	7	33	20	110	96	34	8345
KU238069.1	7847	4197	7	64	0	303	53	30	27	0	36	0	8	0	16	8	23	21	90	93	35	8471
KU697902.1	9478	4458	15	78	10	357	178	85	22	0	0	0	6	0	34	0	41	12	75	93	24	15520
KU697903.1	9336	4410	21	66	0	373	162	85	32	0	0	0	9	0	24	7	35	13	69	91	33	16052
KU746283.1	0	0	19	0	20	0	0	12	15	0	0	8	13	8	25	15	33	0	0	0	0	0
KU878967.1	0	0	0	0	0	0	0	0	0	0	31	0	0	0	0	0	0	0	0	0	0	0
KU927491.1	0	0	0	0	0	0	0	0	0	0	22	0	0	0	0	0	0	0	0	0	0	0
KU927492.1	0	0	0	0	0	0	0	0	0	0	21	0	0	0	0	0	0	0	0	0	0	0
KU927494.1	0	0	0	0	0	0	0	0	0	0	25	0	0	0	0	0	0	0	0	0	0	0
KU927495.1	0	0	0	0	0	0	0	0	0	0	30	0	0	0	0	0	0	0	0	0	0	0
KU927496.1	0	0	0	0	0	0	0	0	0	0	30	0	0	0	0	0	0	0	0	0	0	0
KU927498.1	0	0	0	0	0	0	0	0	0	0	31	0	0	0	0	0	0	0	0	0	0	0
KX125050.1	0	0	0	0	0	9	0	0	0	0	0	0	0	0	0	0	0	0	0	0	0	0
KX165321.1	1735	2409	721	188	5	1679	2031	2044	318	36340	33	8	68	0	567	266	9	2749	2212	37462	12438	17378
KX265024.1	0	0	0	0	6	0	0	0	0	59	0	0	0	6	0	0	0	0	0	6	0	0
KX265025.1	58	0	0	0	0	0	0	0	0	0	0	0	0	5	0	0	0	0	0	0	0	0
KX265026.1	0	0	0	0	0	0	0	0	0	0	0	0	0	0	0	0	0	7	0	0	0	5
KX265029.1	10	0	0	0	0	0	0	0	0	0	0	0	0	0	0	0	0	0	0	0	0	0
KX265031.1	9	0	9	0	0	0	0	14	5	0	0	0	0	0	0	0	0	0	0	0	0	8
KX265035.1	6	8	13	0	0	0	0	5	7	0	19	0	0	0	0	0	0	8	0	0	0	0
KX265036.1	26	16	22	19	12	13	24	38	14	7	43	0	0	16	7	9	9	18	20	11	6	16
KX265037.1	0	5	15	0	8	5	0	12	0	0	0	0	5	0	6	0	0	0	0	6	0	10
KX265039.1	21	10	16	11	0	0	12	22	5	13	21	0	0	0	0	0	0	8	10	5	0	14
KX265046.1	14	5	0	7	15	0	20	11	6	7	12	0	6	74	10	0	0	7	8	7	9	0
KX833211.1	0	0	0	0	0	0	0	0	0	0	15	0	0	0	0	0	0	0	0	0	0	0
KX905134.1	11137	8606	1086	188	16	2188	1809	2701	65	42177	31	0	69	0	683	188	36	3694	11927	43880	9899	70890
KY052811.1	0	0	0	0	0	0	0	0	0	0	0	0	0	0	0	0	0	0	0	0	22	0
KY052857.1	0	28	569	0	0	0	0	7	0	0	0	0	0	0	10	0	0	0	0	0	0	0
KY094066.1	0	0	0	0	0	0	24	0	0	0	0	13	0	0	0	0	0	0	0	9	20	0
KY348373.1	53931	8427	98	1595	39061	45147	20231	124818	17472	178	102561	531	235	0	145638	35615	4647	2801	229862	17146	70696	740538
KY423284.1	9599	6478	18	97	7	421	1450	1736	53	0	0	0	18	0	43	6	28	22	8299	136	45	16196
KY550224.1	0	0	0	0	0	21	0	0	0	0	0	0	0	0	0	0	0	0	0	0	0	0
KY653118.1	0	0	0	0	0	0	2196	0	0	0	0	0	0	0	0	0	0	0	0	0	25	0
KY709687.1	0	0	0	0	0	0	0	0	0	0	24	0	0	0	0	0	0	0	0	0	0	0
KY766069.1	0	0	10	0	0	0	1005	0	0	0	0	0	0	0	0	0	0	0	0	0	0	0
KY926792.1	0	0	0	21	0	0	0	0	0	0	0	0	0	0	0	0	0	0	0	0	0	0
L00023.1	0	0	0	0	0	0	0	0	0	0	0	0	0	0	0	0	0	5	0	0	0	0
L06609.1	104	0	82	10	0	42	1618	74	0	0	203	0	0	0	0	0	0	15	11	7	6	0
LC193725.1	2142	2219	1163	98	0	1720	1502	1019	35	42511	34	0	74	0	605	195	0	3868	3908	43659	9802	54349
LC487996.1	0	0	0	0	0	0	0	0	0	0	38	0	0	0	0	0	0	0	0	0	0	0
LC487997.1	0	0	0	0	0	0	0	0	0	0	45	0	0	0	0	0	0	0	0	0	0	0
LC500882.1	0	0	0	0	7	5	36	0	0	0	5	10	0	0	0	0	0	0	0	20	0	0
LC517378.1	0	0	0	0	0	0	0	0	0	0	8	0	0	0	0	0	0	0	0	0	0	0
LC517385.1	0	0	0	0	0	0	0	0	0	31	0	0	0	0	0	0	0	0	0	0	0	0
LC567828.1	0	0	0	0	0	5	0	0	0	0	0	0	0	0	0	0	0	0	0	0	0	0
LC576631.1	0	0	0	0	12	0	24	0	0	0	5	10	0	0	0	0	0	0	0	0	0	0
LC603693.1	0	0	0	0	0	0	0	0	0	0	0	0	0	0	0	0	0	0	0	0	93	0
LC616031.1	0	0	0	0	0	0	0	0	0	0	27	0	0	0	0	0	0	0	0	0	0	0
LC616032.1	0	0	0	0	0	0	0	0	0	0	25	0	0	0	0	0	0	0	0	0	0	0
LC616033.1	0	0	0	0	0	0	0	0	0	0	25	0	0	0	0	0	0	0	0	0	0	0
LC616034.1	0	0	0	0	0	0	0	0	0	0	23	0	0	0	0	0	0	0	0	0	0	0
LC616035.1	0	0	0	0	0	0	0	0	0	0	28	0	0	0	0	0	0	0	0	0	0	0
LC616036.1	0	0	0	0	0	0	0	0	0	0	26	0	0	0	0	0	0	0	0	0	0	0
LC616037.1	0	0	0	0	0	0	0	0	0	0	33	0	0	0	0	0	0	0	0	0	0	0
LC616038.1	0	0	0	0	0	0	0	0	0	0	30	0	0	0	0	0	0	0	0	0	0	0
LC616039.1	0	0	0	0	0	0	0	0	0	0	23	0	0	0	0	0	0	0	0	0	0	0
LC616040.1	0	0	0	0	0	0	0	0	0	0	25	0	0	0	0	0	0	0	0	0	0	0
LC616041.1	0	0	0	0	0	0	0	0	0	0	34	0	0	0	0	0	0	0	0	0	0	0
LC616042.1	0	0	0	0	0	0	0	0	0	0	28	0	0	0	0	0	0	0	0	0	0	0
LC616043.1	0	0	0	0	0	0	0	0	0	0	21	0	0	0	0	0	0	0	0	0	0	0
LC616044.1	0	0	0	0	0	0	0	0	0	0	33	0	0	0	0	0	0	0	0	0	0	0
LC616045.1	0	0	0	0	0	0	0	0	0	0	24	0	0	0	0	0	0	0	0	0	0	0
LC616046.1	0	0	0	0	0	0	0	0	0	0	28	0	0	0	0	0	0	0	0	0	0	0
LC616047.1	0	0	0	0	0	0	0	0	0	0	24	0	0	0	0	0	0	0	0	0	0	0
LC616048.1	0	0	0	0	0	0	0	0	0	0	28	0	0	0	0	0	0	0	0	0	0	0
LC616049.1	0	0	0	0	0	0	0	0	0	0	31	0	0	0	0	0	0	0	0	0	0	0
LC616050.1	0	0	0	0	0	0	0	0	0	0	29	0	0	0	0	0	0	0	0	0	0	0
LC616051.1	0	0	0	0	0	0	0	0	0	0	27	0	0	0	0	0	0	0	0	0	0	0
LC616052.1	0	0	0	0	0	0	0	0	0	0	31	0	0	0	0	0	0	0	0	0	0	0
LC616053.1	0	0	0	0	0	0	0	0	0	0	37	0	0	0	0	0	0	0	0	0	0	0
LC616054.1	0	0	0	0	0	0	0	0	0	0	26	0	0	0	0	0	0	0	0	0	0	0
LC616055.1	0	0	0	0	0	0	0	0	0	0	36	0	0	0	0	0	0	0	0	0	0	0
LC616056.1	0	0	0	0	0	0	0	0	0	0	22	0	0	0	0	0	0	0	0	0	0	0
LC616057.1	0	0	0	0	0	0	0	0	0	0	25	0	0	0	0	0	0	0	0	0	0	0
LC616058.1	0	0	0	0	0	0	0	0	0	0	29	0	0	0	0	0	0	0	0	0	0	0
LC616059.1	0	0	0	0	0	0	0	0	0	0	36	0	0	0	0	0	0	0	0	0	0	0
LC616060.1	0	0	0	0	0	0	0	0	0	0	23	0	0	0	0	0	0	0	0	0	0	0
LC616061.1	0	0	0	0	0	0	0	0	0	0	34	0	0	0	0	0	0	0	0	0	0	0
LC616062.1	0	0	0	0	0	0	0	0	0	0	20	0	0	0	0	0	0	0	0	0	0	0
LC616063.1	0	0	0	0	0	0	0	0	0	0	25	0	0	0	0	0	0	0	0	0	0	0
LC616064.1	0	0	0	0	0	0	0	0	0	0	41	0	0	0	0	0	0	0	0	0	0	0
LC616065.1	0	0	0	0	0	0	0	0	0	0	32	0	0	0	0	0	0	0	0	0	0	0
LC616066.1	0	0	0	0	0	0	0	0	0	0	25	0	0	0	0	0	0	0	0	0	0	0
LC616067.1	0	0	0	0	0	0	0	0	0	0	23	0	0	0	0	0	0	0	0	0	0	0
LC616068.1	0	0	0	0	0	0	0	0	0	0	21	0	0	0	0	0	0	0	0	0	0	0
LC616069.1	0	0	0	0	0	0	0	0	0	0	25	0	0	0	0	0	0	0	0	0	0	0
LC616074.1	0	0	0	0	0	0	0	0	0	0	28	0	0	0	0	0	0	0	0	0	0	0
LC616075.1	0	0	0	0	0	0	0	0	0	0	25	0	0	0	0	0	0	0	0	0	0	0
LC616076.1	0	0	0	0	0	0	0	0	0	0	27	0	0	0	0	0	0	0	0	0	0	0
LC616077.1	0	0	0	0	0	0	0	0	0	0	27	0	0	0	0	0	0	0	0	0	0	0
LC629596.1	7	0	0	11	6	5	0	0	0	0	0	0	0	0	0	0	0	8	0	0	0	0
LC645408.1	0	0	0	75	0	0	0	0	0	0	0	0	0	0	0	0	0	0	0	0	19	0
LC645425.1	0	0	0	69	0	0	0	0	0	0	22	0	0	0	0	0	0	0	0	0	20	0
LC645426.1	0	0	0	75	0	0	0	0	0	0	31	0	0	0	0	0	0	0	0	0	20	0
LC645427.1	0	0	0	0	0	0	0	0	0	0	0	0	0	0	0	0	0	5	0	0	0	0
LC645428.1	0	35	0	0	0	0	5	0	0	16	0	0	0	0	0	0	0	0	7	0	0	0
LC645429.1	0	35	0	0	0	0	9	0	0	20	30	0	0	0	0	0	0	0	15	0	0	0
LC645430.1	0	26	0	0	0	0	6	0	0	26	29	0	0	0	0	0	0	7	11	0	0	0
LC645431.1	0	33	0	0	0	0	6	0	0	19	27	0	0	0	0	0	0	0	11	0	0	0
LC645432.1	0	40	0	0	0	0	9	0	0	18	28	0	0	0	0	0	0	6	10	0	0	0
LC645433.1	0	37	0	0	0	0	10	0	0	21	26	0	0	0	0	0	0	0	7	0	0	0
LC645434.1	0	35	0	0	0	0	13	0	0	19	26	0	0	0	0	0	0	0	14	0	0	0
LC645435.1	0	43	0	0	0	6	12	0	0	15	31	0	0	0	0	0	0	0	13	0	0	0
LC645436.1	0	30	0	0	0	0	17	0	0	31	31	0	0	0	0	0	0	0	15	0	0	0
LC645437.1	0	33	0	0	0	0	9	0	0	26	27	0	0	0	0	0	0	0	10	0	0	0
LC645439.1	0	0	0	0	0	0	0	0	0	0	19	0	0	0	0	0	0	0	0	0	0	0
LC645440.1	0	0	0	0	0	0	0	0	0	0	17	0	0	0	0	0	0	0	0	0	0	0
LC645441.1	0	0	0	0	0	0	0	0	0	0	14	0	0	0	0	0	0	9	0	0	0	0
LC645445.1	0	0	0	0	0	272	0	0	0	0	0	0	0	0	0	0	0	0	0	0	0	0
LC645446.1	0	0	0	0	0	21	16883	0	0	0	0	0	0	0	12	0	0	5	0	0	0	0
LC645450.1	0	0	0	0	0	0	0	0	0	42	0	0	0	0	0	0	0	254	19908	0	0	0
LC726803.1	0	0	0	0	0	0	0	0	0	0	0	0	0	0	0	0	6	0	0	0	0	0
LC727876.1	0	0	0	0	0	54	0	0	0	0	0	0	0	0	0	0	0	0	0	0	0	0
LC727877.1	0	0	0	0	0	48	0	0	0	0	0	0	0	0	0	0	0	0	0	0	0	0
LC727878.1	0	0	0	0	0	43	0	0	0	0	0	0	0	0	0	0	0	0	0	0	0	0
LC727879.1	21	1100	185	434	0	214	6	1185	0	0	6674	0	15	0	8	0	0	373	0	133	0	0
LC727880.1	0	0	0	0	0	47	0	0	0	0	0	0	0	0	0	0	0	0	0	0	0	0
LC727881.1	0	0	0	0	0	5	0	0	0	0	0	0	0	0	0	0	0	17	0	0	0	0
LC727882.1	0	0	0	0	0	42	0	0	0	0	0	0	0	0	0	0	0	0	0	0	0	0
LC727884.1	0	0	0	0	0	52	0	0	0	0	0	0	0	0	0	0	0	0	0	0	0	0
LC727885.1	0	0	0	0	0	51	0	0	0	0	0	0	0	0	0	0	0	0	0	0	0	0
LC727886.1	0	0	0	0	0	39	0	0	0	0	0	6	0	0	0	0	0	0	0	0	0	0
LC727887.1	0	0	0	0	0	44	0	0	0	0	0	0	0	0	0	0	0	0	0	0	0	0
LC727888.1	0	0	0	0	0	46	0	0	0	0	0	0	0	0	0	0	0	0	0	0	0	0
LC727890.1	0	0	0	0	0	12	0	0	0	0	0	0	0	0	0	0	0	0	0	0	0	0
LC727891.1	0	0	0	0	0	0	0	0	0	0	28	0	0	0	0	0	0	0	0	0	0	0
LC727892.1	0	0	0	0	0	0	0	0	0	0	29	0	0	0	0	0	0	0	0	0	0	0
LC727893.1	0	0	0	0	0	0	0	0	0	0	28	0	0	0	0	0	0	0	0	0	0	0
LC727894.1	0	0	0	0	0	0	0	0	0	0	25	0	0	0	0	0	0	0	0	0	0	0
LC727895.1	0	0	0	0	0	0	0	0	0	0	32	0	0	0	0	0	0	0	0	0	0	0
LC727896.1	0	0	0	0	0	0	0	0	0	0	23	0	0	0	0	0	0	0	0	0	0	0
LC727897.1	0	0	0	0	0	0	0	0	0	0	20	0	0	0	0	0	0	0	0	0	0	0
LC727898.1	0	0	0	0	0	0	0	0	0	0	33	0	0	0	0	0	0	0	0	0	0	0
LC727899.1	0	0	0	0	0	0	0	0	0	0	26	0	0	0	0	0	0	0	0	0	0	0
LC727900.1	0	0	0	0	0	0	0	0	0	0	24	0	0	0	0	0	0	0	0	0	0	0
LC727901.1	0	0	0	0	0	0	0	0	0	0	26	0	0	0	0	0	0	0	0	0	0	0
LC727902.1	0	0	0	0	0	0	0	0	0	0	24	0	0	0	0	0	0	0	0	0	0	0
LC727903.1	0	0	0	0	0	0	0	0	0	0	0	0	0	0	0	0	0	9	0	0	0	0
LC727904.1	0	0	0	8	183	100	36	0	0	0	22	0	0	0	6	0	0	41	0	0	0	0
LC730321.1	50	34	364	242	563	591	210	87	64	255	56	0	100	10	138	15	20	6924	157	85	695	52
LC738869.1	0	14	5	79	389	651	151	245	0	33	229	0	0	0	79	11	0	22	57	50	141	159
LC738870.1	0	0	0	0	0	0	8	0	0	0	0	0	0	0	0	0	0	0	8	0	0	0
LC738871.1	0	0	0	17	98	89	14	69	0	194	9	0	0	0	0	5	0	0	11	54	7	44
LC738875.1	0	0	0	0	39	8	7	0	0	0	10	0	0	0	0	0	0	0	0	0	0	0
LC738876.1	0	0	0	0	0	11	0	0	0	0	0	0	0	0	0	0	0	0	0	0	0	0
LC738877.1	14	0	0	0	5	5	10	0	5	0	10	0	0	0	0	0	0	0	10	10	24	5
LC738880.1	0	0	0	0	0	16	0	0	0	0	0	0	0	0	0	0	0	0	0	0	0	0
LC738881.1	0	0	0	0	0	5	0	0	0	0	0	0	0	0	0	0	0	0	0	0	0	0
LC738885.1	0	0	0	0	0	5	0	0	0	0	0	0	0	0	0	0	0	0	0	0	0	0
LC744178.1	0	0	0	74	0	0	0	0	0	0	32	0	0	0	0	0	0	0	0	0	0	0
LC744179.1	0	0	0	0	0	0	0	0	0	0	30	0	0	0	0	0	0	0	0	0	0	0
LC744180.1	0	0	0	0	0	0	0	0	0	0	31	0	0	0	0	0	0	0	0	0	0	0
LC744181.1	0	0	0	0	0	0	0	0	0	0	25	0	0	0	0	0	0	0	0	0	0	0
LC744182.1	0	0	0	0	0	0	0	0	0	0	25	0	0	0	0	0	0	0	0	0	0	0
LC744183.1	0	0	0	0	0	0	0	0	0	0	30	0	0	0	0	0	0	0	0	0	0	0
LC744184.1	0	0	0	0	0	0	0	0	0	0	27	0	0	0	0	0	0	0	0	0	0	0
LC744185.1	0	0	0	0	0	0	0	0	0	0	29	0	0	0	0	0	0	0	0	0	0	0
LC744186.1	0	0	0	0	0	0	0	0	0	0	32	0	0	0	0	0	0	0	0	7	0	0
LC744187.1	0	0	0	0	0	0	0	0	0	0	32	0	0	0	0	0	0	0	0	0	0	0
LC744188.1	0	0	0	0	0	0	0	0	0	0	39	0	0	0	0	0	0	0	0	0	0	0
LC744189.1	0	0	0	0	0	0	0	0	0	0	31	0	0	0	0	0	0	0	0	0	0	0
LC744190.1	0	0	0	0	0	0	0	0	0	0	19	0	0	0	0	0	0	0	0	38	0	0
LC744191.1	0	0	0	0	0	0	0	0	0	0	27	0	0	0	0	0	0	0	0	0	0	0
LC744192.1	0	0	0	0	0	0	0	0	0	0	27	0	0	0	0	0	0	0	0	0	0	0
LC744193.1	0	0	0	0	0	0	0	0	0	0	20	0	0	0	0	0	0	0	0	20	0	0
LN997803.1	26	0	0	0	0	50	39	0	0	17	9	0	0	0	0	0	0	0	7963	0	0	0
LR595860.1	0	0	5	0	0	7	12	0	0	181	19	0	0	0	17	0	0	0	6	7	0	16
LR595861.1	0	0	0	0	0	0	0	0	0	0	0	0	0	0	0	0	0	0	21	0	0	0
LR595863.1	0	0	0	7	9	8	7	13348	0	178	15	0	0	0	44	0	0	0	7	0	0	14
LR595865.1	0	0	0	8	7	0	15	0	0	168	18	0	0	0	30	0	0	7	0	0	0	13
LR595867.1	0	0	0	0	0	0	0	0	0	14	0	0	0	0	0	0	0	0	0	0	0	0
LR595868.1	0	0	15	0	0	11	0	0	0	0	0	0	0	0	0	0	0	35	0	0	0	0
LR597641.1	40	533	0	0	0	10	245	0	0	837	0	0	0	0	0	0	0	187	0	11	0	3432
LR597644.1	0	0	0	5	0	10	13	0	0	158	26	0	0	0	28	0	0	0	5	0	0	9
LR597648.1	0	0	0	7	0	6	8	0	0	167	33	0	0	0	31	0	0	0	5	0	0	12
LR597650.1	0	0	0	8	0	9	6	0	6	174	22	0	0	0	20	0	0	0	7	0	0	8
LR597651.1	5	0	16	6	6	8	9	0	0	182	30	0	0	0	31	0	0	6659	0	0	0	10
LR597652.1	0	0	0	0	0	0	14	0	0	133	31	0	0	0	30	0	0	0	6	0	0	13
LR597653.1	0	0	0	6	0	5	12	0	0	167	16	0	0	0	30	0	0	0	8	7	0	14
LR743428.1	0	0	0	0	0	0	0	0	0	0	0	0	0	0	0	0	5	0	0	0	0	0
LR745706.1	0	0	0	0	0	0	0	0	0	0	0	0	0	0	42	0	0	0	0	0	0	0
LR745707.1	0	0	0	0	0	0	0	0	0	0	0	0	0	0	36	0	0	0	0	0	0	0
LR745708.1	0	0	0	0	0	0	0	0	0	0	0	0	0	0	31	0	0	0	0	0	0	0
LR745709.1	0	0	0	0	0	0	0	0	0	0	0	0	0	0	42	0	0	0	0	0	0	0
LR798284.1	0	0	0	0	0	0	0	0	0	0	0	0	0	0	0	0	0	0	158	0	0	0
LR812926.1	0	0	0	0	0	0	0	0	0	0	7	0	0	0	0	0	0	9	0	0	0	0
LR812927.1	0	0	0	0	0	0	5	0	0	0	10	0	0	0	0	0	0	0	0	0	0	0
LR812929.1	0	0	0	0	0	0	0	0	0	0	15	0	0	0	0	0	0	5	0	0	0	0
LR812930.1	0	0	0	0	0	0	0	0	0	0	14	0	0	0	0	0	0	9	0	0	0	0
LR812931.1	0	0	0	0	0	0	0	0	0	0	7	0	0	0	0	0	0	9	0	0	0	0
LR812932.1	0	0	0	0	0	0	0	0	0	0	9	0	0	0	0	0	0	5	0	0	0	0
LR881137.1	0	0	0	0	0	0	0	0	0	6	0	0	0	0	0	0	0	0	0	0	0	0
LR994485.1	0	0	0	0	0	0	0	0	0	0	0	0	0	0	0	0	6	0	0	0	0	0
LR994504.1	0	10	8	0	6	13	8	7	0	21	6	0	0	0	0	0	0	8	0	15	24	43
LR994505.1	10	5	0	6	10	0	7	0	0	19	8	0	0	8	6	7	0	8	0	12	22	10
LR994520.1	0	0	0	0	0	0	0	6	0	23	0	0	0	0	0	0	0	0	0	11	0	43
LT896726.1	0	0	0	0	0	18	0	6	0	0	38	0	0	0	0	0	0	17	0	0	0	0
M14017.1	147	153	19	49	2218	4769	25	220	287	173	5856	0	7	0	92	74	23	6768	40	10015	413	1261
M16575.1	2136	932	1425	560	109	1766	11862	1439	99	771	26167	0	133	10	106	151	5	606	704	1546	1834	157
M22457.1	0	0	5	0	0	0	0	0	10	0	0	0	0	0	0	0	0	0	10	11	0	11
M22458.1	0	0	0	5	5	7	0	0	13	6	0	0	0	0	0	0	0	0	5	12	0	10
M29653.1	0	0	0	0	0	0	0	0	0	0	0	0	0	0	0	0	0	0	6	0	0	0
M37086.1	11	5	14	937	0	0	130	410	5874	10	0	0	9	0	6	398	0	74	9	11315	194	15
M37588.1	0	0	5	0	0	0	0	0	12	5	0	0	0	0	0	0	0	6	6	10	0	5
M75136.2	0	0	0	0	0	0	10	0	0	0	0	0	0	0	0	0	0	0	0	0	0	0
M81861.1	10	0	0	0	0	0	0	0	0	0	0	0	0	0	0	0	0	0	0	6	0	0
M87572.1	10	0	89	0	0	17	19	15	0	5	133	0	0	0	5	0	0	0	8	0	0	0
M87573.1	8	0	94	5	0	7	6	22	0	0	146	0	0	0	0	0	0	8	5	0	0	0
M87578.1	16	172	487	16	11	803	205	314	11	50	8131	0	0	0	5	16	0	47	483	173	7	30
M87581.1	2076	1000	1498	534	133	1826	11848	1549	86	807	26940	0	103	7	95	160	8	691	750	1724	2177	195
M87583.1	0	0	0	5	0	0	0	0	0	0	0	0	0	0	0	0	0	10	0	0	0	0
M87584.1	0	0	0	0	0	0	0	0	0	0	0	0	0	0	0	0	0	9	0	0	0	0
M87591.1	198	50	28	0	0	14	49	58	0	104	8	0	0	0	0	0	0	29	8	8	30	0
M87592.1	181	248	231	253	11	215	1560	283	21	406	4651	0	46	0	13	35	5	130	33	655	584	43
MF033604.1	0	0	0	0	0	0	0	0	0	0	6	0	0	0	0	0	0	0	0	0	0	0
MF038789.1	0	0	0	0	5	23	0	8	0	0	43	0	0	0	0	0	0	6	0	0	0	0
MF062693.1	0	0	0	0	0	5	8	0	0	0	6	0	0	0	0	0	0	0	0	0	0	0
MF062694.1	0	0	0	5	56	46	17	5	0	0	22	0	0	0	0	0	0	0	5	11	0	14
MF094130.1	0	0	0	0	0	0	0	0	5	0	0	0	0	0	0	0	0	0	0	0	0	0
MF125269.1	0	0	0	0	0	0	13	0	0	0	0	0	0	0	0	0	0	0	0	0	0	0
MF289414.1	124	219	206	35	69	19	99	325	572	0	27	41	314	122	589	330	399	96	250	0	8	25
MF360246.1	0	0	0	0	0	39	0	10	0	0	73	0	0	0	0	0	0	6	0	5	0	0
MF372125.1	5	0	0	0	0	0	0	0	0	0	0	0	0	0	0	0	0	0	0	0	0	0
MF374379.1	49254	0	359	248	562	85	249	587	63	118	18	0	226	11	281	29	10	11026	579	202041	1576	31011
MF417867.1	0	0	0	0	0	0	0	0	0	0	0	0	0	0	9	0	0	0	0	0	0	0
MF417897.1	0	0	0	0	0	0	0	0	0	0	0	0	0	0	0	0	0	0	0	55	0	0
MF468140.1	9537	5937	28	74	7	429	1456	1416	29	0	5	0	17	0	34	8	32	21	6732	135	71	16224
MF468141.1	0	0	0	0	0	0	0	0	0	0	0	0	0	0	128	0	0	0	0	0	0	0
MF468142.1	0	0	0	0	0	0	0	5	0	0	0	0	0	0	131	0	0	0	0	0	0	0
MF468143.1	0	0	0	0	0	0	0	6	0	0	0	0	0	0	131	0	0	0	0	0	0	0
MF468144.1	0	0	0	0	0	0	0	0	0	0	0	0	0	0	125	0	0	0	0	0	0	0
MF468147.1	9507	6334	15	90	6	461	1489	1504	29	0	5	0	16	0	27	9	30	21	6938	126	51	16253
MF538628.1	0	0	0	0	0	7	0	0	0	0	0	0	0	0	0	0	0	0	0	0	0	0
MF595989.1	0	0	0	0	26	0	0	0	0	0	0	0	0	0	0	0	0	0	0	0	0	0
MF807953.1	0	0	0	0	0	20	0	0	0	0	0	0	0	0	0	0	0	0	0	0	0	0
MF919515.1	0	0	0	7	0	0	0	0	0	0	0	0	0	0	0	0	0	0	0	0	0	0
MF994813.1	0	0	0	0	11	0	0	0	0	0	0	0	0	0	0	0	0	0	0	0	0	0
MF994815.1	0	0	0	0	25	0	0	0	0	0	0	0	0	0	0	0	0	0	0	0	0	0
MF994817.1	0	0	0	0	5	0	0	0	0	0	0	0	0	0	0	0	0	0	0	0	0	0
MF994818.1	0	0	0	0	96	0	0	0	0	0	0	0	0	0	0	0	0	0	0	0	0	0
MF994820.1	0	0	0	0	29	0	0	0	0	0	0	0	0	0	0	0	0	0	0	0	0	0
MG543995.1	0	0	0	0	0	0	9	0	0	0	0	0	0	0	0	0	0	0	0	0	0	0
MG646679.1	10	0	6	0	6	0	0	0	0	7	0	0	0	0	0	0	0	0	5	0	0	10
MG710528.1	37	77	25054	0	0	135	11367	156	402	43	19	0	0	0	0	0	0	669	19884	23	121	7
MG770349.1	8	126	187	32	22	6	13	171	236	0	48	91	518	174	469	715	1202	49	65	0	0	0
MG820643.1	0	0	0	0	0	0	0	0	0	0	0	0	0	0	89	0	0	0	0	0	0	0
MG820644.1	0	0	0	0	0	0	0	0	0	0	0	0	0	0	25	0	0	0	0	0	0	0
MG820645.1	0	0	0	0	0	6	0	0	0	0	0	0	0	0	32	0	0	0	0	0	0	0
MG953518.1	0	0	0	0	40	15	0	0	0	0	19	0	0	0	0	0	0	0	7	0	0	0
MG958667.2	0	0	0	0	0	5	0	0	0	0	0	0	0	0	0	0	0	0	0	0	0	0
MH052023.1	0	0	0	0	0	0	0	0	0	0	0	0	5	0	5	0	0	0	0	0	0	0
MH118029.1	0	0	0	0	0	5	0	0	0	0	0	0	0	0	0	0	0	0	0	0	0	0
MH118035.1	5	0	0	0	0	0	0	0	0	0	5	0	0	0	0	0	0	0	0	0	0	0
MH133207.1	0	0	0	0	0	0	0	0	0	0	0	0	0	0	0	0	0	0	0	0	15	0
MH160364.1	0	0	0	0	0	0	0	0	0	0	0	0	0	0	0	0	0	0	13	0	0	0
MH319852.1	0	0	10	0	0	0	0	0	0	6	6	0	0	11	6	0	0	0	5	8	0	0
MH396663.1	0	0	0	0	0	0	0	0	0	0	0	0	6	72	0	12	0	0	0	0	0	0
MH445380.1	127	32	72	866	490	2026	72	104	70	87	1585	0	0	0	45	42	15	2646	407	7022	449	468
MH559812.1	0	18	43	0	5	0	0	29	39	0	0	9	89	31	110	368	568	8	8	0	0	0
MH590376.1	0	0	0	0	0	0	0	0	0	0	0	0	0	0	0	0	0	0	0	21	0	0
MH590409.1	0	0	0	14	15	60	20	0	0	19	0	17	0	0	0	0	0	13	35	63	0	6
MH590442.1	11	0	11	0	19	0	7	0	0	19	0	0	0	0	0	0	0	0	0	10	0	0
MH590498.1	0	6	0	0	0	0	0	0	0	0	0	0	0	0	0	0	0	0	0	0	5	0
MH590571.1	0	0	0	11	21	57	10	9	0	12	0	7	0	0	0	0	0	10	7	22	0	6
MH673672.2	0	0	0	0	0	0	0	0	0	0	0	0	5	0	0	0	0	0	0	0	0	0
MH698400.1	0	0	0	12	102	244	6	0	0	0	18	0	0	0	0	0	0	0	113	0	0	4419
MH698403.1	0	0	0	6	54	109	0	0	0	0	13	0	0	0	0	0	0	9	22	0	0	3446
MH717096.1	0	0	0	0	0	0	0	0	0	0	26	0	0	0	0	0	0	0	0	0	0	0
MH790588.1	0	0	0	0	0	0	0	0	0	0	5	0	0	0	0	0	0	0	0	0	9	0
MH790654.1	0	0	0	0	0	0	0	0	0	0	0	0	0	0	0	0	0	0	0	0	8	0
MH790659.1	0	10	0	0	12	7	8	8	11	0	0	0	0	0	5	0	0	5	0	6	0	0
MH790667.1	0	0	9	0	9	25	10	0	5	11	8	5	26	28	19	14	10	25	11	14	10	20
MH883318.1	5	740	576	120	98	33	63	638	1028	0	130	319	1863	561	1657	2290	3007	149	141	0	0	0
MH892403.1	0	0	8	0	0	0	0	8	20	0	0	7	11	14	13	11	25	0	0	0	0	0
MK231506.1	0	0	0	0	0	0	0	0	0	0	0	0	0	0	0	0	0	0	0	0	86	0
MK231623.1	0	0	0	0	0	0	0	5	0	7	0	0	0	0	0	0	0	0	0	0	0	26
MK231637.1	0	0	0	0	0	0	0	54	0	6	0	0	0	0	0	0	0	0	0	0	0	0
MK231893.1	0	0	0	0	0	0	0	0	0	0	0	0	0	0	0	0	0	0	0	0	116	0
MK231899.1	0	0	0	0	0	0	0	0	0	0	0	0	0	0	0	0	0	0	0	0	41	0
MK232081.1	99	0	0	0	0	0	0	0	0	0	0	0	0	0	0	0	0	0	0	0	0	0
MK233791.1	0	0	8	6	0	5	0	0	0	9	0	0	0	0	0	0	0	0	5	9	11	34
MK233924.1	0	0	10	0	0	0	0	0	0	0	0	0	0	0	0	0	0	0	0	0	0	0
MK233999.1	0	0	0	1543	0	0	0	0	0	0	0	0	0	18	0	0	0	0	0	0	5	0
MK310228.1	0	0	0	0	0	16	0	0	0	0	0	0	0	0	0	0	0	0	0	0	0	0
MK332105.2	17	18	8	0	29	0	10	31	70	0	0	8	81	36	122	90	146	19	84	0	0	0
MK384141.1	0	0	0	0	0	0	0	0	8	0	0	0	0	0	0	0	0	0	0	0	0	0
MK384275.1	0	0	0	0	45	0	0	0	0	0	0	0	0	0	0	0	0	0	0	0	0	0
MK384293.1	0	0	0	0	6	0	0	0	0	0	0	0	0	0	0	0	0	0	0	0	0	0
MK384503.1	24	0	0	0	0	27	0	0	0	0	0	0	0	0	0	0	0	0	0	11	0	0
MK416010.1	0	0	0	130	0	0	0	0	0	5728	0	0	0	0	0	0	0	9	0	0	0	0
MK416013.1	0	0	0	0	0	0	0	0	0	0	0	0	0	0	0	0	0	0	0	160	0	0
MK422448.1	0	0	0	98	0	0	0	0	0	5573	0	0	0	0	0	0	0	6	0	0	0	0
MK422451.1	169	0	0	0	0	0	0	0	0	0	0	0	0	0	0	0	0	0	0	0	0	0
MK425187.1	9553	6651	28	106	7	461	672	1783	42	0	0	0	15	0	34	16	29	23	8346	143	48	15868
MK433577.1	0	0	8	0	0	6	0	58	0	0	0	0	0	0	0	0	0	34	0	0	0	13
MK448234.1	0	0	0	0	0	0	0	0	0	0	0	0	0	0	0	0	0	0	0	157	0	0
MK448237.1	0	121	74	0	0	0	1408	0	0	0	0	0	0	0	0	0	0	250	0	137	978	0
MK458222.1	0	0	0	0	5	0	0	0	0	0	0	0	0	0	0	0	0	0	0	0	0	0
MK500337.1	0	0	0	0	14	0	5	0	0	0	19	0	0	0	0	0	0	0	0	0	0	0
MK733609.1	6870	6597	139	79	7	287	186	1846	45	0	53	0	14	0	32	11	26	788	8196	3102	59	5848
MK907238.1	0	0	0	0	0	0	0	0	0	0	6	0	0	0	0	0	0	0	0	0	0	0
MK937070.1	9580	6533	22	88	9	396	1472	1738	34	0	0	0	9	0	36	9	37	27	8385	122	49	15763
MK948405.1	0	0	0	0	0	0	9	0	0	0	0	0	0	0	0	0	0	0	0	0	0	0
MK948413.1	0	15	0	0	0	0	0	23	10	0	0	0	28	18	88	15	15	0	0	0	0	0
MN067515.1	0	0	0	0	0	7	0	0	0	0	0	0	0	0	0	0	0	0	0	0	0	0
MN075802.1	9388	6587	24	92	7	408	612	1838	45	0	6	0	9	0	39	6	36	26	8253	123	52	15936
MN159377.1	0	0	0	0	0	0	0	0	0	0	0	0	0	0	0	0	0	0	0	0	0	122
MN159378.1	0	0	0	0	0	0	0	0	0	0	0	0	0	0	0	0	0	0	0	5	7	29
MN159382.1	0	0	0	22	0	0	0	11	14	18	0	0	0	0	0	0	0	0	0	0	0	0
MN175678.1	17	8	0	6	17	13	66	6	0	0	12	0	0	0	6	0	0	0	8	52	0	0
MN270274.1	0	0	0	0	0	0	0	0	0	0	0	0	0	0	0	0	0	0	0	0	5	0
MN340231.1	0	0	0	0	0	0	0	0	0	0	8	0	0	0	0	0	0	0	0	0	0	0
MN399843.1	245	104	13	666	1070	3567	64	138	231	10	2144	0	5	0	77	80	0	14030	58	5264	5292	1513
MN399844.1	253	170	25	835	1662	6100	67	231	300	82	4328	0	7	0	118	106	14	13613	150	21902	5557	1652
MN399848.1	227	160	23	754	1558	5934	77	235	298	55	4267	0	6	5	99	93	9	13638	114	21768	5608	1621
MN399851.1	194	97	14	141	1019	3138	18	117	246	7	1792	0	6	0	44	54	0	7892	13	4528	511	1277
MN437483.1	9772	6528	29	97	6	417	1445	1779	37	0	6	0	12	0	37	11	35	25	8210	125	72	16361
MN528599.1	5831	7365	1737	18	13461	10942	101461	9457	11067	1172	1868	169	118	82	326	57	102	5850	21318	132400	54657	623
MN693223.1	0	0	0	0	0	0	0	0	9	0	0	0	0	0	0	0	0	0	0	0	0	0
MN693290.1	8	8	0	7	51	0	13	0	0	0	0	0	6	0	5	0	0	0	5	0	21	0
MN693828.1	0	0	0	0	0	0	0	0	0	0	0	0	0	0	0	0	0	0	0	5	0	0
MN694286.1	0	0	0	0	0	0	5	0	0	0	0	0	0	0	0	0	0	28	0	0	0	0
MN694441.1	7	0	0	12	6	5	9	17	0	0	0	0	0	6	8	7	18	27	8	8	21	0
MN781580.1	0	0	0	0	0	0	0	0	0	0	0	0	0	0	0	0	0	6	0	0	0	0
MN784693.1	1736	2435	739	208	0	1656	2133	2039	311	35675	26	8	91	0	614	234	0	2658	2251	37266	12363	17339
MN813679.1	0	0	0	0	0	0	0	0	0	0	0	0	0	0	0	0	0	88	0	0	0	0
MN820536.1	0	0	11	5	10	0	0	27	36	0	0	0	9	29	13	0	8	0	0	0	0	0
MN855675.1	42	0	360	246	538	99	251	37	42	104	32	0	111	8	131	0	0	6662	70	94	0	6
MN855678.1	0	0	0	11	0	79	0	0	0	0	0	0	0	0	0	0	7	55	60	0	0	26
MN855681.1	5	45	0	0	0	402	0	0	19	0	45	0	0	0	0	21	11	0	15	0	610	8
MN855687.1	0	0	0	0	0	78	0	0	0	0	0	0	0	0	8	0	0	6	63	9	0	20
MN862068.1	0	0	0	0	367	0	0	0	0	0	0	0	0	0	0	0	19	0	0	0	0	0
MN887110.1	0	0	0	0	0	13	0	0	0	0	0	0	0	0	0	0	0	0	0	0	0	0
MN900952.1	9413	6544	22	88	0	370	656	1704	38	0	8	0	15	0	34	7	28	18	8197	129	45	16201
MN920393.1	9492	6550	33	101	0	381	616	1722	45	0	7	0	13	0	30	9	35	31	8259	138	43	15930
MN967017.1	0	0	0	0	0	0	0	0	0	0	0	0	0	0	0	0	0	20	0	0	0	0
MT027255.1	0	0	0	0	0	0	0	0	0	0	0	0	0	0	0	0	0	0	0	7	0	0
MT028491.1	0	0	0	0	0	0	0	0	0	0	0	0	0	0	0	0	0	0	0	0	5	0
MT080321.1	0	0	0	0	0	0	0	0	0	0	0	0	0	0	0	0	0	0	0	28	0	0
MT121966.1	0	0	0	0	0	0	0	0	0	7	0	0	0	0	0	0	0	0	0	0	0	0
MT138271.1	9	0	0	0	0	0	0	0	0	0	0	0	0	0	0	0	0	0	0	0	0	0
MT150583.1	0	0	8	0	0	0	5	5	36	0	0	0	0	0	8	5	6	6	0	7	0	7
MT154976.1	0	0	0	0	15	8	5	0	0	0	0	0	0	0	0	0	0	17	5	0	0	0
MT154980.1	0	0	0	0	5	9	0	0	0	0	0	9	0	0	0	0	0	57	7	12	0	0
MT157263.1	0	0	9	0	0	0	0	5	0	0	0	0	0	0	0	0	0	0	0	5	0	0
MT157325.1	9541	6562	28	100	10	435	1503	1773	33	0	7	0	8	0	33	8	21	23	8379	127	56	15803
MT157326.1	9424	6635	23	95	5	422	1510	1771	41	0	0	0	13	0	153	14	34	25	8261	147	53	16047
MT157327.1	9546	6480	29	90	0	430	1447	1762	40	0	5	0	15	0	37	5	30	21	8203	133	64	16044
MT190419.1	0	0	0	0	0	0	0	0	0	7	0	0	0	0	0	0	0	0	0	0	0	0
MT197597.1	28	27	27	20	62	29	45	25	28	42	38	0	10	62	13	18	15	44	32	63	67	94
MT203486.1	0	14	0	0	0	0	0	0	0	0	0	0	0	0	0	0	0	0	0	0	0	0
MT207080.1	0	0	0	0	0	0	0	0	0	0	0	0	0	0	0	0	0	0	17	0	0	0
MT225100.1	0	0	0	0	0	0	0	0	0	0	0	0	0	0	0	0	0	0	0	0	0	12
MT225101.1	0	0	0	0	0	0	0	0	0	0	32	0	0	0	0	0	0	0	7	0	0	6
MT249223.1	0	0	0	0	0	0	7	0	0	0	0	0	0	0	0	0	0	0	0	0	0	0
MT250509.1	0	0	0	0	0	0	5	0	0	0	0	0	0	0	0	0	0	0	0	0	0	0
MT309890.1	0	0	0	0	0	0	0	0	0	0	0	0	0	0	0	0	0	0	0	0	6	0
MT364888.1	1934	159	487	65	0	38	5	751	138	51	114	5	5	123	9	32	202	456	32	11	0	29
MT663336.1	12	6	11	6	13	16	24	15	20	32	11	0	15	53	9	11	19	30	14	20	9	28
MT677933.1	0	0	0	0	0	0	0	0	0	0	0	0	0	0	0	0	0	0	0	0	7	0
MT713136.1	0	0	0	7608	0	0	79	0	0	0	0	0	8	0	0	0	46	0	0	0	0	925
MT740315.1	0	0	0	0	0	0	0	0	0	0	23	0	0	0	0	0	0	0	0	0	0	0
MT756864.1	0	0	0	0	0	0	0	0	0	0	0	0	0	0	6	0	0	0	0	0	0	0
MT813197.1	0	0	0	0	0	0	0	0	0	0	37	0	0	0	0	0	0	0	0	0	0	0
MT833387.1	0	0	0	0	0	0	0	0	0	0	32	0	0	0	0	0	0	0	0	0	0	0
MT880872.1	0	0	0	0	0	0	0	0	38	0	0	0	0	0	0	0	0	0	0	0	0	0
MT886700.1	4174	6605	24	77	5	186	483	1622	45	0	8	0	20	0	29	6	19	20	8261	76	39	739
MT903346.1	0	0	0	0	9	0	0	0	0	6	0	0	0	0	0	0	0	0	14	0	0	0
MT955328.1	9489	6437	23	88	6	444	655	1678	33	0	5	0	14	0	30	14	30	26	8242	128	49	16034
MT994392.1	9719	6438	23	109	0	439	623	1633	34	0	0	0	13	0	42	11	34	19	8253	141	54	16023
MW032264.1	0	0	5	0	24	0	0	0	8	0	0	0	5	8	9	5	17	0	0	0	0	0
MW057783.1	50	37	387	271	588	566	236	42	77	121	74	0	107	0	145	14	21	6994	181	108	647	48
MW062790.1	8	0	0	0	0	0	0	0	0	0	0	0	0	0	0	0	0	0	0	0	0	0
MW062906.1	0	32	0	0	0	7	0	0	0	0	0	0	0	0	0	0	0	126	0	0	0	46
MW095821.1	0	0	0	0	0	0	0	5	0	0	0	0	0	0	0	0	0	0	0	0	0	0
MW095822.1	0	0	0	0	0	0	0	6	0	0	0	0	0	0	0	0	0	0	0	0	0	0
MW095867.1	0	0	0	0	0	0	0	5	0	0	0	0	0	0	0	0	0	0	0	0	0	0
MW095907.1	0	0	0	0	0	0	0	5	0	0	0	0	0	0	0	0	0	0	0	0	0	0
MW103318.1	0	0	0	0	0	0	0	5	0	0	0	0	0	0	0	0	0	0	0	0	0	0
MW104510.1	0	0	0	0	0	0	0	5	0	0	0	0	0	0	0	0	0	0	0	0	0	0
MW161466.1	0	0	0	0	0	0	0	0	0	0	0	0	0	0	31	0	0	0	0	0	0	0
MW161467.1	0	0	0	0	0	0	0	0	0	0	0	0	0	0	40	0	0	0	0	0	0	0
MW174761.1	0	0	9	0	8	0	0	8	0	0	0	0	0	0	0	0	0	8	0	0	0	0
MW248137.1	0	0	0	0	0	0	16	0	0	0	5	5	0	0	0	0	0	0	0	0	0	0
MW260501.1	0	0	0	0	7	0	0	0	0	0	0	0	0	0	0	0	0	0	0	0	0	0
MW260504.1	0	0	0	5	0	0	0	0	0	0	0	0	0	0	0	0	0	0	0	0	0	0
MW309540.1	0	0	0	0	0	0	0	0	0	9	0	0	0	0	0	0	0	0	0	0	0	0
MW334191.1	0	0	0	0	0	0	0	0	0	0	0	0	0	0	7	0	0	0	0	0	0	0
MW334215.1	0	0	0	0	0	0	0	0	0	0	0	0	0	0	5	0	0	0	0	0	0	0
MW423800.1	0	0	0	0	0	0	0	0	0	0	0	0	0	0	0	0	0	0	0	0	0	30
MW454895.1	0	0	7	0	0	0	0	0	0	0	0	0	0	0	9	0	0	0	0	0	0	0
MW454900.1	0	0	0	0	15	0	0	0	0	0	0	0	0	0	0	0	0	0	0	0	0	0
MW462191.1	0	0	0	0	0	17	0	0	0	0	0	0	0	0	0	0	0	0	0	0	0	0
MW505928.1	0	0	0	8	0	0	0	0	0	0	0	0	0	0	0	0	0	0	0	0	0	0
MW560175.1	0	0	0	7	0	6	15	12	0	23	0	0	0	0	0	0	0	21	0	0	58	10
MW715619.1	0	0	0	0	0	0	0	0	0	0	0	0	0	0	0	0	0	0	24	0	0	0
MW940804.1	0	0	0	0	0	0	0	0	0	0	0	0	0	7	5	0	5	0	0	0	0	0
MZ043613.1	0	0	0	0	0	0	0	0	0	0	0	0	0	0	0	0	0	0	0	0	6	0
MZ043897.1	0	0	0	0	0	0	0	0	0	0	25	0	0	0	0	0	0	0	0	0	0	0
MZ054335.1	9458	6475	17	94	11	409	617	1736	33	0	6	0	11	0	34	11	34	22	8141	120	62	15742
MZ081002.1	0	0	0	0	28	0	0	0	0	0	0	0	0	0	0	0	0	0	0	0	0	0
MZ092003.1	13	0	0	32	0	0	0	0	0	0	6	0	0	0	0	0	6	5	0	0	0	0
MZ151943.1	9578	6527	20	93	7	412	569	1713	41	0	0	0	7	0	39	8	21	27	8328	122	60	16044
MZ189188.1	0	0	0	0	0	0	0	0	0	0	0	0	0	0	0	0	0	0	21	0	0	0
MZ189223.1	0	0	0	0	7	0	0	0	0	0	0	0	0	0	0	0	0	0	0	0	0	0
MZ189235.1	0	0	0	0	0	0	0	0	0	0	0	0	0	0	0	0	0	0	0	6	0	0
MZ218240.1	0	0	0	0	0	0	0	0	0	0	0	0	0	7	0	0	0	0	0	164	0	0
MZ272060.1	0	0	0	0	16	0	0	8	0	0	0	0	21	0	67	21	28	5	13	0	0	0
MZ328292.1	0	156	104	13	15	6	9	152	188	0	15	66	387	102	371	489	798	25	12	0	0	0
MZ375336.1	3152	3957	5139	321	2939	3750	3475	462	3078	3639	3764	18	19	884	3393	366	96	895	4995	375	7232	160283
MZ420563.1	0	5	0	0	42	19	0	0	0	0	12	0	0	0	0	0	0	5	0	0	0	0
MZ517252.1	9567	6435	20	102	8	425	1511	1749	42	0	0	0	17	0	29	15	42	20	8236	128	46	16026
MZ517253.1	9650	6702	19	90	8	436	1454	1812	37	0	0	0	8	0	34	15	41	19	8263	109	47	15954
MZ556573.1	45	36	33	97	72	15	24	64	10	26	582	0	0	0	6	0	0	46	21	0	0	0
MZ558781.1	0	0	0	0	0	0	9	0	0	0	0	0	0	0	0	0	0	0	0	0	0	0
MZ679303.1	0	0	0	0	0	0	0	0	0	0	0	0	0	0	71	0	0	0	0	0	0	0
MZ679304.1	0	0	5	0	0	0	0	0	0	0	0	0	0	0	0	0	0	0	0	0	0	0
MZ679790.1	0	0	0	0	0	0	0	0	0	0	0	0	0	0	0	6	0	0	0	0	0	0
MZ680316.1	25	36	55	854	0	76	207	84	120	206	1430	0	7	0	25	7	0	162	41	0	0	0
MZ681930.1	0	0	0	0	0	0	0	0	0	0	0	0	0	0	0	0	0	5	0	0	0	0
MZ766785.1	0	0	0	0	16	0	46	0	0	0	0	9	0	0	0	0	0	17	13	66	0	7
MZ779062.1	321	0	0	0	0	0	0	0	0	0	0	0	0	0	0	0	0	0	0	0	0	0
MZ820085.1	0	0	0	0	57	0	0	0	0	0	0	0	0	0	0	0	0	0	0	0	0	0
MZ824230.1	644	68	434	572	0	479	310	75	12	1761	760	0	57	5	29	37	0	390	138	237	291	15
MZ997839.1	0	0	0	0	0	0	5	0	0	0	0	0	0	0	0	0	0	0	0	0	0	0
NC_000902.1	0	0	0	0	0	0	0	0	0	0	39	0	0	0	0	0	0	0	0	0	0	0
NC_000924.1	0	0	0	0	0	0	0	0	0	0	20	0	0	0	0	0	0	0	0	0	0	0
NC_001416.1	45	35	334	224	542	557	250	47	74	100	62	0	106	9	138	14	19	6977	175	87	647	55
NC_001450.1	879	249	371	235	24	246	11147	470	20	251	5456	0	58	0	17	44	0	182	202	466	356	20
NC_001479.1	0	0	0	0	0	0	0	0	0	0	0	0	0	0	0	0	0	0	0	0	0	7
NC_001493.2	0	0	0	0	0	0	9	0	0	0	0	0	0	0	0	0	0	0	0	0	0	0
NC_001664.4	0	0	0	0	46	0	0	0	0	0	0	0	0	0	0	0	0	0	0	0	0	2811
NC_001901.1	0	0	0	0	0	0	0	0	0	0	0	34	0	0	0	0	0	0	0	0	0	0
NC_002166.1	0	0	0	0	0	0	0	0	0	0	15	0	0	0	0	0	0	0	0	0	0	0
NC_002167.1	0	0	0	0	0	0	0	0	0	0	33	0	0	0	0	0	0	0	0	0	0	0
NC_002730.1	0	0	0	0	0	0	0	0	0	0	10	0	0	0	0	0	0	0	0	0	0	0
NC_003444.1	0	0	0	11	0	13	0	0	0	0	0	5	0	0	0	0	0	0	0	0	0	0
NC_004813.1	0	0	0	0	0	0	0	0	0	0	25	0	0	0	0	0	0	0	0	0	0	0
NC_004913.3	0	0	0	0	0	0	0	0	0	0	30	0	0	0	0	0	0	0	0	0	0	0
NC_004914.3	0	0	0	0	0	0	0	0	0	0	20	0	0	0	0	0	0	0	0	0	0	0
NC_005056.1	0	0	0	0	0	0	0	0	0	0	5	0	0	0	0	0	0	0	0	0	0	0
NC_005344.1	0	0	0	0	0	0	0	0	0	0	27	0	0	0	45	0	13	1447	0	0	0	0
NC_005856.1	6719	81	187	0	24	47	2866	92	212	781	0	0	0	0	13	0	0	124	19	37	4963	198
NC_008912.1	0	0	0	0	6	0	0	0	0	0	0	0	0	0	0	0	0	0	0	0	0	0
NC_009514.1	0	0	0	0	0	6	0	0	0	0	0	0	0	0	0	0	0	0	0	0	0	0
NC_009552.3	507	0	0	0	0	0	0	0	0	0	0	0	0	0	0	0	0	0	14	0	0	0
NC_009827.1	0	0	0	0	0	13	0	0	0	0	0	0	0	0	0	0	0	0	0	0	0	0
NC_010237.1	0	0	0	0	0	0	0	0	0	0	29	0	0	0	0	0	0	0	0	0	0	0
NC_011356.1	0	6289	0	0	0	0	0	0	0	0	29	0	0	0	11	0	0	0	0	0	0	0
NC_011357.1	0	0	0	0	0	235	0	0	0	0	24	0	0	0	0	0	0	0	0	0	0	0
NC_016160.1	0	0	0	0	0	0	0	0	0	0	27	0	0	0	0	0	0	0	0	0	0	0
NC_017985.1	0	0	0	0	0	0	0	0	0	0	28	0	0	0	0	0	0	0	0	0	0	0
NC_018464.1	0	0	0	0	0	0	0	0	8	0	0	0	0	0	0	0	0	0	0	0	0	0
NC_018834.1	0	0	0	0	0	46	0	0	0	0	0	0	0	0	0	0	0	0	0	0	0	0
NC_019401.1	0	0	0	0	0	0	0	0	0	0	0	0	0	0	0	0	0	0	0	0	0	9
NC_019445.1	0	0	0	0	0	0	0	53	0	0	0	0	5	0	0	0	0	0	0	0	0	0
NC_019501.1	0	0	0	0	0	0	0	0	0	0	10	0	0	0	0	0	0	7	0	0	0	0
NC_019705.1	0	0	0	0	0	0	0	0	0	0	39	0	0	0	0	0	0	0	0	0	0	0
NC_019708.1	0	0	0	0	0	0	0	0	0	0	33	0	0	0	0	0	0	0	0	0	0	0
NC_019709.1	0	0	0	0	0	0	0	0	0	0	33	0	0	0	0	0	0	0	0	0	0	0
NC_019710.1	0	0	0	0	0	0	0	0	0	0	23	0	0	0	0	0	0	0	0	0	0	0
NC_019711.1	55	0	336	223	516	71	246	50	35	115	38	0	109	10	142	0	5	6873	82	83	0	19
NC_019714.1	0	0	0	0	0	0	0	0	0	0	37	0	0	0	0	0	0	0	0	0	0	0
NC_019715.1	0	0	0	0	0	0	0	0	0	0	32	0	0	0	0	0	0	16	0	0	0	0
NC_019716.1	0	0	0	0	0	23	0	0	0	0	0	0	0	0	0	0	0	77	0	0	0	0
NC_019719.1	0	0	0	0	0	0	0	0	0	0	55	0	0	0	0	0	0	0	0	0	0	0
NC_019720.1	0	0	0	0	0	0	0	0	0	0	22	0	0	0	0	0	0	0	0	0	0	0
NC_019723.1	46	0	351	261	529	373	234	34	46	120	34	0	109	7	140	0	5	6881	93	80	608	17
NC_019767.1	0	0	0	0	0	0	0	0	0	0	22	0	0	0	0	0	0	6	0	0	0	0
NC_019768.1	0	0	0	0	0	0	0	0	0	0	29	0	0	0	0	0	0	13	0	0	0	0
NC_019769.1	0	0	0	0	0	0	0	0	0	0	28	0	0	0	0	0	0	0	0	0	0	0
NC_021857.1	0	0	0	0	0	0	0	0	0	0	0	0	0	0	39	0	20	1567	0	0	0	0
NC_022098.1	0	0	0	0	0	0	0	0	0	0	7	0	0	0	0	0	0	0	0	0	0	0
NC_022339.1	0	0	0	0	0	0	0	0	0	0	0	0	0	0	0	0	0	16	0	0	0	0
NC_022343.1	0	0	0	0	0	0	0	0	0	32	0	0	0	0	0	0	0	0	0	0	0	0
NC_022749.1	24	35	95	0	0	6	4391	70	208	0	11	0	0	0	0	0	0	155	0	72	52	6
NC_023500.1	0	0	0	0	0	0	0	0	0	0	0	0	0	0	0	0	0	0	1904	0	0	0
NC_026607.2	0	0	0	0	0	0	0	0	23	0	0	0	0	0	0	0	0	0	0	0	0	0
NC_027333.1	0	0	0	0	0	0	0	0	0	0	0	0	0	0	0	0	0	5	0	0	0	0
NC_027339.1	0	42	0	0	0	88	414	5	0	0	33	0	0	0	0	0	14	0	57	8	0	31
NC_027344.1	0	0	0	0	0	0	0	0	24	0	0	0	0	0	0	0	0	0	0	0	0	0
NC_027346.1	0	0	0	0	0	0	0	0	0	0	0	0	0	0	0	0	0	12	0	0	0	0
NC_027361.1	0	0	0	0	0	0	0	0	0	0	0	0	0	0	0	0	0	9	0	0	0	0
NC_027391.1	0	0	0	0	0	0	0	0	0	0	0	0	0	0	24	0	0	0	0	0	0	0
NC_027398.1	0	0	0	0	0	0	0	0	0	0	29	0	0	0	0	0	0	10	0	0	0	0
NC_027984.1	7411	6537	15	102	10	313	55	27	44	0	28	0	10	0	39	5	21	24	89	89	41	6807
NC_028696.2	0	0	0	0	9	0	0	0	0	0	0	0	0	0	0	0	36	82	0	0	24	0
NC_028943.1	0	0	0	0	0	0	0	0	0	0	8	0	0	0	0	0	0	0	0	0	0	0
NC_029073.1	121	0	0	0	0	0	0	0	0	0	0	0	0	0	0	0	0	0	0	0	0	0
NC_030919.1	0	0	0	0	0	0	0	0	0	0	27	0	0	0	0	0	0	0	0	0	0	0
NC_031005.2	0	0	0	0	0	0	0	0	0	0	0	9	0	0	10	0	0	0	0	0	0	0
NC_031084.1	0	0	0	0	0	0	0	0	0	0	0	0	0	0	7	0	0	0	0	0	0	0
NC_031129.1	0	0	0	0	0	0	1107	0	0	0	0	0	0	0	0	0	0	0	0	0	0	0
NC_031946.1	0	0	0	0	0	0	0	0	0	0	23	0	0	0	0	0	0	0	0	0	0	0
NC_032111.1	0	0	0	0	0	0	17	0	0	0	0	17	0	0	0	0	0	0	0	10	21	0
NC_040615.1	0	18	6	5	0	0	0	6	7	0	31	0	16	27	9	8	8	0	9	0	0	23
NC_040681.1	0	0	0	0	0	0	0	0	0	0	0	0	0	0	0	0	0	0	5	0	0	0
NC_041848.1	0	0	0	0	0	0	0	0	0	0	6	0	0	0	0	0	0	0	0	0	0	0
NC_041873.1	0	0	0	0	0	0	0	0	0	0	0	0	0	0	11	0	0	0	0	0	0	0
NC_041935.1	0	0	0	0	0	0	0	0	0	0	34	0	0	0	0	0	0	0	0	0	0	0
NC_042044.1	0	0	0	0	0	0	0	0	32	0	0	0	0	0	0	0	0	0	0	0	0	0
NC_042047.1	0	0	0	0	0	0	0	0	0	5	0	0	0	0	0	0	0	0	0	0	0	0
NC_042057.1	6513	24168	4810	2395	17867	26142	102307	27877	47215	32238	5814	205	516	105	1110	1945	294	13349	22304	177114	59351	13118
NC_042128.1	17	116	402	0	0	0	3707	60	194	2253	8	0	0	0	0	0	0	216	0	26	3231	19
NC_043054.1	14	5	6	20	0	0	23	11	5	9	6	0	0	9	0	0	0	15	0	0	96	8
NC_043314.1	0	0	0	0	0	12	0	0	0	0	0	0	0	0	0	0	0	0	0	0	0	0
NC_043325.1	0	0	0	0	11	5	0	0	0	0	0	0	0	0	0	0	0	0	0	0	0	0
NC_047818.1	0	0	0	0	0	50	0	0	0	0	0	0	0	0	0	0	0	0	0	0	0	0
NC_047900.1	0	0	0	0	0	0	0	0	0	15	0	0	0	0	0	0	0	0	0	0	0	0
NC_047901.1	0	0	0	0	0	0	0	0	0	40	0	0	0	0	0	0	0	0	0	0	0	0
NC_047932.1	0	0	0	0	0	0	0	0	0	6	0	0	0	0	0	0	0	0	0	0	0	0
NC_048638.1	0	0	0	0	0	0	0	0	0	0	0	0	0	0	0	417	0	0	0	0	0	0
NC_048639.1	0	0	0	0	0	0	0	0	0	0	0	0	0	0	0	432	0	0	0	0	0	0
NC_049342.1	2047	351	2436	8692	105	933	1843	661	208	2054	1256	0	17	52	779	283	43	3513	4763	275	0	544
NC_049343.1	0	2271	0	0	0	77	2694	3513	0	0	0	0	0	0	0	5	0	0	0	0	0	0
NC_049344.1	0	0	0	0	0	0	0	0	0	0	0	0	0	0	0	11	0	0	0	0	0	0
NC_049385.1	0	0	0	0	0	0	0	0	0	0	8	0	0	0	0	0	0	0	0	0	0	0
NC_049387.1	0	0	0	0	0	0	0	0	0	0	12	0	0	0	0	0	0	0	0	0	0	0
NC_049388.1	0	0	0	0	0	0	0	0	0	0	6	0	0	0	0	0	0	0	0	0	0	0
NC_049389.1	0	0	0	0	0	0	0	0	0	0	16	0	0	0	0	0	0	0	0	0	0	0
NC_049448.1	0	0	0	0	0	8	0	54	0	0	0	0	0	0	0	0	0	35	0	0	0	11
NC_049451.1	0	0	0	0	0	0	0	0	0	0	11	0	0	0	0	0	0	0	0	8	0	0
NC_049453.1	0	0	0	0	0	0	0	0	0	0	7	0	0	0	0	0	0	0	0	14	0	0
NC_049454.1	0	0	0	0	0	0	0	72	0	0	0	0	0	0	0	0	0	33	0	0	0	0
NC_049461.1	0	0	0	0	0	0	0	0	0	0	7	0	0	0	0	0	0	0	0	0	0	0
NC_049462.1	0	0	0	0	0	0	0	0	0	86	0	0	0	0	0	0	0	0	0	0	0	0
NC_049472.1	0	0	0	0	0	0	0	0	0	33	0	0	0	0	0	0	0	0	0	0	0	0
NC_049919.1	0	0	0	0	0	0	0	0	0	0	36	0	0	0	0	0	0	0	0	0	0	0
NC_049920.1	0	0	0	0	0	0	0	0	0	0	32	0	0	0	0	0	0	0	0	0	0	0
NC_049921.1	0	0	0	0	0	0	0	0	0	0	38	0	0	0	0	0	0	0	0	0	0	0
NC_049922.1	6840	6531	17	103	11	276	38	16	37	0	46	0	24	0	31	6	31	23	98	94	47	5698
NC_049923.1	0	0	0	0	0	0	0	0	0	0	37	0	0	0	0	0	0	0	0	0	0	0
NC_049924.1	0	0	0	0	0	0	0	0	0	0	38	0	0	0	0	0	0	0	0	0	0	0
NC_049925.1	7787	4272	13	72	0	354	49	39	22	0	38	0	13	0	20	11	24	15	111	80	35	8481
NC_049926.1	0	0	0	0	0	0	0	0	0	0	28	0	0	0	0	0	0	0	0	0	0	0
NC_049941.1	0	1081	10	1174	0	136	10	1071	0	0	4052	0	0	0	22	0	0	467	0	159	0	0
NC_049942.1	378	0	140	0	0	0	0	0	0	0	33	0	0	0	0	0	0	0	0	49	0	0
NC_049943.1	0	0	0	0	0	0	0	0	0	0	29	0	0	0	0	0	0	0	0	0	0	0
NC_049944.1	0	0	0	0	0	0	0	0	0	0	27	0	0	0	0	0	0	0	0	0	0	0
NC_049945.1	0	0	0	0	0	0	0	0	0	0	30	0	0	0	0	0	0	0	0	0	0	0
NC_049946.1	0	0	0	0	0	0	0	0	0	0	0	0	0	0	0	0	0	0	22	0	0	0
NC_049947.1	5	0	0	0	8	5	8	0	5	178	16	0	0	0	34	0	0	0	7	5	0	10
NC_049948.1	0	0	0	16	0	6	0	0	0	0	43	0	0	0	0	0	0	61	31	0	0	0
NC_049949.1	12	18	0	0	0	18	15	5	0	18	39	0	0	0	12	0	0	0	38	10	0	0
NC_049950.1	26	21	7	91	0	23	7	0	139	410	0	0	26	0	14	0	0	142	8	196	0	13924
NC_049951.1	43	0	331	246	14	423	69	54	43	104	31	0	109	11	88	6	8	6939	109	104	663	24
NC_049952.1	0	34	40	5	0	0	8	0	0	20	44	0	0	0	14	0	0	7	14	0	0	5
NC_049953.1	29	5	100	35	7	54	5	9	359	17	46	13	11	0	5	0	0	6942	124	122	0	925
NC_049954.1	0	32	0	5	0	12	62	24540	0	12	38	0	0	0	0	0	0	468	72	9	0	0
NC_049955.1	9	41	23	9	0	90	61	24252	29	186	55	0	0	0	49	18	20	414	74	9	0	30
NC_050152.1	150	41	99	897	522	2006	69	134	76	73	2042	0	0	0	47	35	20	2664	421	6949	445	481
NC_050153.1	0	0	0	0	0	0	0	0	0	0	0	0	0	0	0	0	0	0	0	0	0	37
NC_050154.1	0	0	106	0	0	0	7	25	0	0	0	0	0	0	0	0	0	0	0	0	196	0
NC_055142.1	5	6	8	0	14	7	12	5	5	19	0	0	0	6	0	0	0	12	0	15	0	15
NC_055844.1	0	0	0	0	0	0	0	0	0	0	10	0	0	0	0	0	0	0	0	0	0	0
NC_055845.1	0	0	0	0	0	0	0	0	0	0	13	0	0	0	0	0	0	0	0	0	0	0
NC_055846.1	0	0	0	0	0	0	0	0	0	0	13	0	0	0	0	0	0	0	0	0	0	0
NC_061446.1	0	0	0	0	0	0	0	0	0	0	0	0	0	0	0	0	0	46	0	0	0	0
NC_070902.1	0	0	0	0	0	0	0	0	0	0	6	0	0	0	0	0	0	0	0	0	0	0
NC_070903.1	0	0	0	0	0	0	0	0	0	0	10	0	0	0	0	0	0	0	0	0	0	0
NC_070904.1	0	0	0	0	0	0	0	0	0	0	9	0	0	0	0	0	0	0	0	0	0	0
NC_070905.1	0	0	0	0	0	0	0	0	0	0	48	0	0	0	0	0	0	0	0	0	0	0
NC_070906.1	0	0	0	0	0	0	0	0	0	0	6	0	0	0	0	0	0	0	0	0	0	0
NC_070908.1	0	0	0	0	0	0	0	0	0	0	7	0	0	0	0	0	0	0	0	0	0	0
NC_072504.1	0	0	0	0	0	0	0	0	0	0	0	0	0	0	0	0	0	0	0	0	454	0
OK000912.1	15	17	21	23	32	17	26	14	28	32	24	5	12	65	13	14	10	28	20	44	41	76
OK386564.1	0	0	0	0	0	0	18	0	0	0	0	0	0	0	0	0	0	0	0	0	0	0
OK574408.1	0	0	0	0	0	0	0	0	0	5	0	0	0	0	0	0	0	0	0	0	0	0
OL343610.1	0	0	0	13	53	54	536	10	0	6	76	25	0	0	0	10	0	15	23	107	0	287
OL343612.1	0	0	9	0	0	0	0	0	0	0	0	5	0	0	0	0	0	0	6	0	0	0
OL355129.1	1157	78544	2021	58	4660	1541	2300	3380	812	44584	0	7	11	11	11	162	55	11324	1019	16	4982	295
OL597562.1	9	9	80	104	6	40	7	16	0	45	90	0	0	0	13	0	0	14	69	0	0	0
OL638991.1	8	9	7	9	11	9	18	5	13	15	8	6	8	9	11	5	0	14	14	19	17	10
OL657226.1	12	0	170	9	0	19	6	0	29	21	50	0	0	0	60	0	0	200	61	22	0	0
OL657227.1	6989	90	13818	17	27	68	2126	29	54	901	44	0	11	0	55	0	0	217	77	36	3927	187
OL657228.1	0	0	0	14	0	5	0	14	0	0	0	0	0	0	7	0	0	392	49	17	0	0
OL674076.1	0	0	8	0	5	5	0	34	313	0	0	10	80	82	57	26	59	0	6	0	0	0
OL674078.1	0	0	0	0	0	0	0	0	0	0	0	0	0	0	0	0	0	0	0	0	0	151
OL774863.1	0	0	0	0	0	0	0	0	0	0	0	0	0	0	6	0	0	0	0	0	0	0
OL774866.1	0	11925	0	0	0	0	0	0	0	0	0	0	0	0	0	0	0	0	0	0	0	0
OL852219.1	0	0	0	0	0	0	5	0	0	0	0	0	0	0	0	0	0	0	0	0	0	0
OL906384.1	0	0	0	0	0	0	0	0	0	0	0	0	0	0	5	0	0	0	0	0	0	0
OL944604.1	0	0	0	0	0	0	0	0	34	0	0	0	0	0	0	0	0	0	0	0	0	0
OM048724.1	0	0	0	0	0	0	7	0	0	0	0	0	0	0	0	0	0	0	0	0	0	0
OM418625.1	48	0	390	238	563	379	206	87	36	162	49	0	105	15	140	0	13	6882	78	83	604	20
OM418626.1	35	0	376	230	560	452	247	43	67	122	59	0	107	5	145	18	10	6980	176	97	602	48
OM418627.1	41	0	314	230	6	350	52	42	32	60	57	0	106	14	90	0	7	6775	104	49	629	18
OM475426.1	0	0	0	0	0	0	0	0	0	0	9	0	0	0	0	0	0	0	0	0	0	0
OM475427.1	38	0	60	249	26	314	52	31	18	0	21	0	108	0	0	0	9	6953	71	40	0	0
OM475428.1	14	20	26	22	51	22	26	32	30	44	20	0	8	72	15	8	14	41	35	50	25	68
OM475430.1	0	0	0	0	0	0	0	0	0	0	0	0	0	0	0	0	0	0	26	0	0	0
OM475431.1	0	0	0	0	0	0	0	0	0	0	15	0	0	0	0	0	0	0	0	0	0	0
OM475432.1	44	37	350	264	574	572	234	53	57	111	59	0	101	11	133	22	18	6975	167	105	658	45
OM475434.1	0	0	0	0	0	0	0	0	0	0	19	0	0	0	0	0	0	0	0	0	0	0
OM475435.1	46	33	378	243	536	619	239	63	57	105	70	0	118	14	142	12	13	6833	159	111	650	42
OM517184.1	0	11	0	0	6	0	5	9	6	38	0	0	0	0	0	0	0	11	6	102	0	109
OM523013.1	0	1107	0	0	0	0	0	0	0	0	0	0	0	0	0	0	0	0	0	0	0	0
OM835953.1	0	0	0	0	0	49	0	0	0	0	0	0	0	0	0	0	0	0	0	0	0	0
OM863569.1	0	0	0	0	0	0	0	0	0	0	5	0	0	0	0	0	0	0	0	0	0	0
OM912978.1	0	0	0	0	0	0	0	0	33	0	0	0	0	0	0	0	0	0	0	0	0	0
ON018986.2	6942	15	59	0	0	43	1020	13	9	114	0	0	0	0	8	0	0	0	22	0	1148	175
ON032529.1	8	434	17	0	0	0	0	11612	0	0	67	0	0	0	0	0	0	19	0	6205	0	13141
ON041214.1	0	0	0	0	0	0	0	0	44	0	0	0	0	0	0	0	0	0	0	0	0	0
ON066368.1	0	0	0	0	0	5	0	0	0	0	0	0	0	0	0	0	0	0	0	0	0	0
ON109535.1	9633	6759	25	74	9	404	683	1644	37	5	5	0	15	0	37	8	31	13	8247	133	44	15950
ON109614.1	0	0	0	0	0	0	5	0	0	0	0	0	0	0	0	0	0	0	0	0	0	0
ON146439.1	0	0	0	0	0	0	0	0	0	0	14	0	0	0	0	0	0	0	0	0	0	0
ON146440.1	0	0	0	0	0	0	0	0	0	0	14	0	0	0	0	0	0	0	0	0	0	0
ON186859.1	0	0	0	0	0	0	16	0	0	0	0	0	0	0	0	0	0	0	0	0	0	0
ON239131.1	0	0	0	0	0	0	0	0	0	0	12	0	0	0	0	0	0	0	0	0	0	0
ON323462.1	0	0	0	0	0	0	0	0	0	5	0	0	0	0	0	0	0	0	0	0	0	0
ON470579.1	0	1246	0	0	0	0	0	45	0	0	0	0	0	0	0	0	0	187	0	0	0	0
ON470580.1	0	0	0	0	0	0	7	0	0	0	0	0	0	0	0	0	0	0	0	0	0	0
ON470581.1	0	0	0	0	0	0	0	0	0	0	0	0	0	0	0	0	0	49	0	0	0	0
ON470583.1	0	0	0	0	0	0	9	0	0	0	0	0	0	0	0	0	0	13	0	0	0	0
ON470584.1	654	0	0	0	0	11	0	0	0	0	0	0	0	0	143	0	0	0	0	0	0	310
ON470585.1	0	0	0	0	0	0	0	0	0	0	0	0	0	0	0	0	0	41	0	0	0	0
ON470586.1	0	0	0	0	0	0	5	0	0	0	0	0	0	0	0	0	0	0	0	0	0	0
ON470587.1	0	0	0	0	0	0	0	0	0	0	0	0	0	0	0	0	0	38	0	0	0	0
ON470588.1	0	1161	0	0	0	0	0	43	0	0	0	0	0	0	0	0	0	190	0	0	0	0
ON470589.1	0	0	0	0	0	32	0	0	0	0	26	0	0	0	0	0	0	0	0	0	0	0
ON470590.1	0	0	0	61	0	0	257	0	0	0	0	0	0	0	33	28	0	151	0	0	0	0
ON470592.1	9	0	8	1413	0	5	12	37	0	3580	188	25	0	15	114	92	0	773	26	0	0	0
ON470593.1	0	1164	0	0	0	0	0	43	0	0	0	0	0	0	0	0	0	174	0	0	0	0
ON470594.1	0	0	0	0	0	10	0	35	0	0	26	0	0	0	274	0	0	0	0	0	0	0
ON470595.1	3056	350	0	164	0	5	1219	102	51	0	506	0	6	0	0	48	0	167	1150	1148	37	0
ON470596.1	0	0	0	0	0	0	0	0	0	0	0	0	0	0	0	8	0	0	0	0	0	0
ON470598.1	0	0	0	0	0	17	0	0	0	0	0	0	0	0	0	0	0	174	0	0	0	5
ON470599.1	0	0	0	0	0	0	10	0	0	0	0	0	0	0	11	0	0	0	69	145174	0	0
ON470601.1	0	0	0	0	0	0	0	0	0	0	0	0	0	0	0	0	0	0	16	0	0	0
ON470602.1	0	0	0	0	0	0	0	0	0	0	0	0	0	0	0	0	0	49	0	0	0	0
ON470603.1	0	0	0	0	0	5	0	0	0	11	0	0	0	0	0	0	0	26	0	0	0	0
ON470604.1	0	0	0	0	0	0	0	0	0	0	0	0	0	0	0	13	0	0	0	0	0	0
ON470605.1	185	0	0	0	0	0	0	0	0	0	35	0	6	0	0	0	0	0	0	11	15	33
ON470606.1	0	0	0	0	0	30	0	0	0	13	11	0	0	0	15	37	0	0	0	0	0	0
ON470608.1	0	0	0	0	0	10	0	0	0	0	0	0	0	0	0	0	0	0	0	0	0	0
ON470609.1	0	0	0	0	0	0	0	0	0	0	0	0	0	0	0	0	0	157	0	0	0	0
ON470612.1	60	21	198	34	31	49070	59	0	55	0	15	0	0	0	0	0	0	1878	4968	96	0	0
ON470614.1	0	0	0	73	0	0	228	0	0	0	0	0	0	0	29	23	0	161	0	0	0	0
ON470616.1	0	0	0	72	0	0	231	0	0	0	0	0	0	0	34	24	0	0	0	0	0	0
ON470618.1	0	0	0	0	0	0	0	0	0	0	0	0	0	0	0	0	0	77	0	0	0	0
ON470619.1	0	0	158	0	36	38111	55	0	53	0	0	0	0	0	0	0	0	4139	2988	88	0	0
ON470620.1	0	0	567	0	207	14653	14700	0	12	4204	0	6	33	12	0	140	0	0	0	0	5	8409
ON470622.1	0	0	0	0	0	9	0	0	0	0	0	0	0	0	0	0	0	0	0	0	0	0
ON470623.1	7	0	5	0	0	0	5	0	0	0	0	0	0	0	7	0	0	0	62	135418	0	0
ON470624.1	0	0	0	0	0	0	0	0	0	0	0	0	0	0	0	10	0	0	0	0	0	0
ON470627.1	0	0	0	0	0	0	0	0	0	0	0	0	0	0	0	6	0	0	0	0	0	0
ON529856.1	0	0	0	0	345	0	0	0	0	0	0	0	0	0	0	0	0	0	0	0	0	0
ON529859.1	0	0	0	0	31	0	0	0	0	0	0	0	0	0	0	0	0	0	0	0	0	0
ON529862.1	0	0	0	0	8	0	0	0	0	0	0	0	0	0	0	0	0	0	0	0	0	0
ON529864.1	0	0	0	0	36	0	0	0	0	0	0	0	0	0	0	0	0	0	0	0	0	0
ON555435.1	0	0	0	0	0	65	0	0	0	0	0	0	0	0	0	0	0	0	0	0	0	0
ON557706.1	0	0	0	0	0	22	0	0	0	0	0	0	0	0	11	0	0	0	0	0	0	0
ON755175.1	0	0	0	0	0	5	0	37	0	0	8	0	0	0	0	0	0	0	0	0	0	0
ON816918.1	0	0	0	0	0	0	0	0	0	0	0	0	0	0	0	0	0	7	0	0	0	0
ON960061.1	6	0	37	8	0	8	0	5	0	0	0	0	0	24	10	0	0	0	5	0	5	0
OP073036.1	0	0	0	0	0	0	0	0	0	0	24	0	0	0	0	0	0	0	0	0	0	0
OP073076.1	0	0	0	0	0	0	0	0	0	0	11	0	0	0	0	0	0	0	0	0	0	0
OP073102.1	0	0	0	0	0	15	0	0	0	0	0	0	0	0	0	0	0	0	0	0	0	0
OP073210.1	0	0	0	0	0	0	0	9831	0	0	0	0	0	0	0	0	0	0	0	2742	0	8
OP073276.1	0	0	50	0	0	0	6	0	0	9	0	0	0	0	26	0	0	75	27	0	0	0
OP073320.1	0	0	0	0	0	0	0	0	0	0	0	0	0	0	0	0	0	0	15	4644	0	0
OP073358.1	0	0	0	0	0	0	0	0	0	0	16	0	0	0	0	0	0	0	0	0	0	0
OP073365.1	0	0	0	0	0	0	0	81	46	0	0	0	5	0	0	0	0	5	0	0	0	0
OP073455.1	0	0	7	0	0	0	0	0	0	0	0	0	0	0	0	0	0	3834	0	0	0	0
OP073494.1	0	0	0	0	0	0	15	0	0	0	0	0	0	0	0	0	0	35	0	0	0	0
OP073501.1	0	0	0	0	0	0	0	0	0	0	0	0	0	0	0	0	0	0	0	42	0	0
OP073535.1	0	7	0	0	15	0	0	0	0	0	0	0	0	0	0	0	0	0	0	0	344	0
OP073549.1	0	0	0	0	0	0	0	0	0	0	453	0	0	0	0	0	0	5	0	0	6	0
OP073675.1	0	0	0	0	0	0	0	9658	16	0	0	0	0	0	0	0	0	0	0	0	0	0
OP073694.1	0	0	0	0	0	0	41	0	0	0	0	0	0	0	0	0	0	0	0	0	0	0
OP073901.1	0	0	0	0	0	0	0	0	0	0	0	0	0	6	0	0	0	0	0	0	0	0
OP073922.1	301	0	0	0	0	0	0	0	0	0	0	0	0	0	0	0	0	0	0	0	0	0
OP073943.1	0	0	0	0	0	0	0	38	0	0	0	0	0	0	0	0	0	0	0	0	0	0
OP074185.1	0	10	32	48	0	14	0	0	0	54	0	0	56	0	36	0	0	6396	66	17	0	0
OP074186.1	0	0	0	0	0	0	0	0	0	5	6	0	0	0	0	0	0	0	1795	104	0	0
OP074586.1	0	0	0	0	0	0	0	0	0	0	27	0	0	0	0	0	0	0	0	0	0	0
OP074733.1	0	0	0	0	0	0	0	0	0	0	24	0	0	0	0	0	0	0	0	0	0	0
OP074988.1	97	0	0	0	0	0	0	0	0	0	0	0	0	0	0	0	0	0	0	0	0	0
OP075305.1	0	0	0	0	0	0	0	0	0	0	0	0	0	0	0	0	0	9	0	7	0	0
OP075315.1	0	0	0	0	0	0	0	0	0	0	0	0	0	0	0	0	0	111	0	0	0	0
OP075455.1	0	0	0	0	0	0	0	0	0	0	15	0	0	0	0	0	0	0	0	0	0	0
OP075467.1	0	0	0	0	0	0	0	0	0	0	0	0	0	0	0	0	0	0	0	0	11	0
OP075491.1	0	0	117	8	0	0	0	97	0	27	0	0	0	0	31	0	0	114	172	0	0	0
OP075865.1	0	0	0	0	0	0	0	388	0	0	29	0	0	45	5170	0	0	0	0	0	0	37
OP075993.1	0	0	0	0	0	0	0	0	0	16	0	0	0	0	0	0	0	0	0	0	0	0
OP076171.1	0	0	0	0	0	0	0	0	0	0	35	0	0	0	0	0	0	0	0	0	0	0
OP076436.1	0	6	22	0	0	18	1126	0	11	0	0	0	0	0	0	0	0	0	0	0	0	0
OP076445.1	0	0	0	0	0	0	0	0	0	0	31	0	0	0	0	0	0	0	0	0	0	0
OP076492.1	0	0	0	0	0	0	0	0	0	0	0	0	10	0	0	0	0	0	0	0	0	0
OP279344.1	22	31	31	0	0	0	1705	79	201	0	8	0	0	0	0	0	0	125	0	68	64	0
OP434518.1	0	0	0	0	0	58	0	0	0	0	38	0	0	0	0	0	0	17	67	10	0	19
OP512562.1	0	0	0	0	0	0	0	7	0	0	0	0	0	0	0	0	0	0	0	0	0	0
OP512575.1	0	0	0	0	0	0	0	199	0	0	0	0	0	0	0	0	0	0	0	0	0	0
OP589943.1	0	0	0	0	0	6	0	0	0	15	0	0	0	0	0	0	0	0	0	0	0	5
OP748251.1	0	0	0	0	0	0	0	0	34	0	0	0	0	0	0	0	0	0	0	0	0	0
OP748252.1	0	0	0	0	0	0	0	0	26	0	0	0	0	0	0	0	0	0	0	0	0	0
OP797663.1	0	0	0	0	0	0	0	0	0	0	14	0	0	0	0	0	0	0	0	0	0	0
OP821798.1	370	757	5211	1897	4575	9923	3010	570	381	1781	10673	10	7	998	191	452	39	16004	2570	27773	10385	163666
OQ055246.1	127	438	86	652	1817	5709	17	1269	383	107	4607	6	56	633	100	361	97	5496	273	27629	805	1395
OQ243220.1	0	20	41	14	10	15	60	6	0	0	0	0	0	0	19	0	0	6882	231	14	0	12
OQ354887.1	17	0	7	5	0	0	7	10	13	9	7	0	0	6	0	0	0	0	0	12	0	0
OQ354889.1	0	0	5	0	0	0	0	5	0	0	0	0	0	0	0	0	0	0	0	0	0	0
OQ411034.1	0	0	0	0	0	0	0	0	0	0	0	0	0	0	91	0	0	0	0	0	0	0
OU077602.1	0	0	0	0	0	0	7	0	0	0	0	0	0	0	0	0	0	0	0	13	0	0
OU077898.1	0	0	0	0	0	8	0	0	0	0	0	0	0	0	0	0	0	0	0	0	0	0
OU077904.1	0	0	0	6	0	0	0	0	0	0	0	0	0	0	0	0	0	0	0	0	0	0
OU173607.2	0	0	0	0	0	0	5	0	0	0	0	0	0	0	0	0	0	0	0	0	0	0
OU509537.1	11	13	6	0	0	0	0	14	0	0	0	0	0	0	0	0	0	0	0	0	0	0
OV016108.1	0	0	0	0	0	0	0	0	0	0	0	0	0	0	0	0	0	6	0	0	0	0
OV016109.1	52	7	10	10	0	0	0	6	0	0	0	0	2722	794	16	9	0	14	749	9	0	0
OV121128.1	0	8	7	113	19	0	0	34	0	0	0	85	188	36	253	220	599	0	56	0	0	0
OV121129.1	0	0	0	0	8	0	0	0	12	0	0	0	0	6	27	0	9	0	0	0	0	0
OV195202.1	0	81	6	0	0	0	0	0	0	0	16	0	10	234	0	0	10	6	6	0	0	0
OV195277.1	0	0	0	0	0	0	0	0	5	12	0	0	0	0	0	0	0	21	0	0	0	0
OV195597.1	0	0	0	0	266	0	20	0	0	0	33	0	0	0	0	13	635	0	19	0	0	0
OV195847.1	0	0	0	0	7	0	0	0	5	0	0	14	0	0	0	0	0	5	0	64	0	0
OV195900.1	0	0	61	0	0	366	0	0	0	0	0	0	0	0	10	387	618	0	0	25	10	3582
OV195924.1	82	182	70	99	0	148	0	65	10	7	109	0	16	184	171	21	55	45	119	8	0	0
OV196000.1	0	0	8	0	0	0	0	0	0	0	0	0	0	0	0	0	0	0	0	0	9	0
OV196022.1	0	0	0	0	0	0	0	0	0	0	0	0	7	0	0	0	0	0	0	0	0	0
OV196026.1	89	0	0	0	0	0	0	0	0	0	0	0	0	0	0	0	0	0	0	0	0	0
OV196096.1	0	0	8	0	0	0	0	0	0	0	0	0	9	0	0	0	0	0	0	0	0	0
OV196099.1	0	0	0	0	0	0	0	0	0	0	0	0	0	0	0	0	0	12	0	0	0	0
OV196177.1	0	0	0	0	0	0	0	0	0	0	0	197	0	0	20	0	0	0	0	0	0	0
OV196273.1	10	0	0	0	7	12	10	0	0	0	0	12	0	0	35	5	0	5	0	24	5	83
OV196275.1	6	0	0	0	0	0	0	0	0	0	0	0	0	125	0	0	15	0	14	0	25	0
OV196298.1	5	40	8	0	0	0	0	7	5	0	0	0	0	72	42	16	32	5	380	0	0	0
OV196467.1	0	0	0	0	0	0	0	0	0	0	0	0	0	0	0	64	0	0	0	0	0	0
OV196488.1	325	0	35	407	0	172	0	365	6	0	20	0	8	0	98	0	0	0	0	0	0	0
OV196492.1	0	0	0	0	0	0	0	0	0	0	0	0	0	35	0	0	0	22	0	0	0	0
OV196499.1	6	0	9	0	0	0	0	0	0	0	10	0	15	0	4329	24	0	0	205	1375	0	0
OV196890.1	0	0	0	0	0	0	0	0	0	0	0	0	5	0	0	0	0	0	11	0	0	0
OV197136.1	0	0	9	0	0	0	0	0	6	0	0	0	0	0	0	0	0	5	6	0	0	0
OV197189.1	0	0	0	26	0	244	23	0	2485	0	58	26	0	0	0	0	0	0	0	0	0	0
OV197539.1	0	0	0	0	0	0	1234	0	0	0	0	0	0	0	0	17	13	0	0	11	0	0
OV197600.1	0	0	0	0	0	5	0	0	70	0	0	0	0	0	0	0	7	0	0	0	0	0
OV264051.1	0	0	0	0	0	8	0	0	0	0	0	0	0	0	0	0	0	0	0	8	0	0
OV696608.1	0	0	0	0	0	0	0	0	0	0	24	0	0	0	0	0	0	0	0	0	0	0
OV696610.1	43	0	0	0	0	986	992	0	0	587	0	0	0	0	0	0	0	24	0	0	0	0
OV696612.1	0	0	19	0	0	0	27	17	10	163	0	0	0	0	17	0	0	60	92	32	0	0
OV696614.1	0	0	0	0	0	0	0	65	0	0	0	0	0	0	0	0	0	0	0	0	0	0
OW120339.1	0	0	0	0	0	28	0	0	0	0	0	0	0	0	0	0	0	0	0	0	0	0
OW315192.1	0	0	0	0	0	0	6	0	0	0	0	0	0	0	0	0	0	0	0	0	0	0
OW328008.1	0	0	0	0	0	10	0	0	0	0	0	0	0	0	0	0	0	0	0	0	0	0
OW741649.1	0	0	0	0	0	0	8	0	0	0	0	0	0	0	0	0	0	0	0	0	0	0
OX335402.1	0	0	0	0	0	0	0	0	0	35	0	0	0	0	0	0	0	0	0	0	0	0
OX335403.1	0	0	0	0	0	0	0	0	0	18	0	0	0	0	0	0	0	0	0	0	0	0
OX335405.1	0	0	0	0	0	0	0	0	0	23	0	0	0	0	0	0	0	0	0	0	0	0
OX335416.1	0	0	0	0	0	0	0	0	0	218	0	0	0	0	0	0	0	0	0	0	0	0
U01866.1	942	255	392	231	18	281	11057	478	28	260	5466	0	64	0	28	48	0	161	228	515	356	16
U27241.1	0	0	6	0	0	0	0	6	0	0	0	0	0	0	0	0	0	0	0	0	0	0
U63086.1	0	0	0	0	0	0	0	0	0	0	0	31	0	0	0	0	0	0	0	0	0	0
U82084.1	0	2416	41	3693	0	3053	26	1940	0	0	5459	0	0	0	13	0	0	593	53	1104	0	0
U86698.1	0	0	0	0	0	0	0	0	0	0	0	0	0	0	0	0	0	0	0	0	22	0
V00637.1	0	0	0	0	0	0	0	0	0	0	0	0	0	0	0	0	0	0	6	0	0	0
V00638.1	5	0	0	0	0	0	0	0	30	0	37	0	0	0	0	17	0	7	9	0	0	0
V00639.1	0	40	0	0	0	0	0	0	0	0	0	0	0	0	0	0	6	0	0	0	0	0
V01201.1	0	0	0	0	0	8	0	0	0	0	0	0	0	0	0	0	0	0	0	0	0	0
X00255.1	0	0	0	0	0	0	0	0	0	0	0	0	149	236	0	0	8	0	0	0	0	0
X05349.1	0	0	0	0	0	0	10	0	0	0	0	0	0	0	0	0	0	0	0	0	0	0
X16093.1	0	0	0	0	0	0	0	0	0	0	13	0	0	0	0	0	0	0	0	0	0	0
X55792.1	0	0	0	0	0	0	0	5	0	0	0	0	0	0	0	0	0	0	0	0	0	0
X55793.1	0	0	0	0	0	0	0	5	0	0	0	0	0	0	0	0	0	0	0	0	0	0
X70493.1	0	0	0	0	0	0	0	0	0	0	0	0	0	0	0	0	0	0	0	0	0	5187
X74312.1	0	0	0	0	0	0	5	0	0	0	5	0	0	6	0	0	0	0	0	0	0	8
X86562.1	12	1693	10	19	0	58	0	0	10	0	0	0	6	0	0	0	0	7	39	52	16	105
X87335.1	0	0	0	0	7	0	5	0	13	7	0	0	0	0	0	0	0	0	12	0	6	6
X92588.1	0	0	0	0	0	0	0	0	0	0	0	0	0	0	0	0	0	0	0	34	0	0
X94741.1	0	0	0	0	0	0	0	0	0	0	0	0	0	0	0	0	0	0	0	33	0	0
Z35638.1	402	695	5285	1862	4725	9842	3013	621	355	1785	10810	21	10	995	209	456	42	16256	2727	28069	10529	163778
Z48163.2	399	622	3823	1777	4798	9557	2914	583	390	1017	10896	10	6	980	212	1638	37	15926	2157	27826	10810	75928
